; WAVELENGTH MAT._REFRACTIVE_INDEX MAT._ABSORPTION
300.00000 2.49221 2.88223 
308.72483 2.59222 2.89943 
317.44966 2.69109 2.91242 
326.17450 2.78862 2.92135 
334.89933 2.88464 2.92638 
343.62416 2.97899 2.92770 
352.34899 3.07153 2.92548 
361.07383 3.16211 2.91991 
369.79866 3.25063 2.91118 
378.52349 3.33700 2.89947 
387.24832 3.42112 2.88498 
395.97315 3.50293 2.86790 
404.69799 3.58238 2.84840 
413.42282 3.65943 2.82668 
422.14765 3.73405 2.80291 
430.87248 3.80622 2.77726 
439.59732 3.87594 2.74990 
448.32215 3.94321 2.72099 
457.04698 4.00804 2.69069 
465.77181 4.07047 2.65914 
474.49664 4.13051 2.62648 
483.22148 4.18820 2.59285 
491.94631 4.24359 2.55836 
500.67114 4.29671 2.52314 
509.39597 4.34762 2.48729 
518.12081 4.39636 2.45091 
526.84564 4.44300 2.41411 
535.57047 4.48759 2.37697 
544.29530 4.53018 2.33957 
553.02013 4.57085 2.30199 
561.74497 4.60963 2.26429 
570.46980 4.64661 2.22655 
579.19463 4.68183 2.18881 
587.91946 4.71536 2.15114 
596.64430 4.74726 2.11358 
605.36913 4.77758 2.07617 
614.09396 4.80638 2.03896 
622.81879 4.83372 2.00198 
631.54362 4.85965 1.96526 
640.26846 4.88423 1.92884 
648.99329 4.90751 1.89273 
657.71812 4.92954 1.85696 
666.44295 4.95037 1.82156 
675.16779 4.97005 1.78653 
683.89262 4.98862 1.75189 
692.61745 5.00613 1.71767 
701.34228 5.02262 1.68386 
710.06711 5.03814 1.65048 
718.79195 5.05272 1.61753 
727.51678 5.06640 1.58503 
736.24161 5.07922 1.55298 
744.96644 5.09121 1.52137 
753.69128 5.10242 1.49023 
762.41611 5.11286 1.45953 
771.14094 5.12258 1.42930 
779.86577 5.13160 1.39953 
788.59060 5.13996 1.37021 
797.31544 5.14768 1.34135 
806.04027 5.15478 1.31294 
814.76510 5.16130 1.28499 
823.48993 5.16726 1.25749 
832.21477 5.17268 1.23043 
840.93960 5.17758 1.20382 
849.66443 5.18199 1.17765 
858.38926 5.18592 1.15191 
867.11409 5.18940 1.12660 
875.83893 5.19245 1.10172 
884.56376 5.19508 1.07727 
893.28859 5.19731 1.05323 
902.01342 5.19916 1.02960 
910.73826 5.20064 1.00638 
919.46309 5.20177 0.98356 
928.18792 5.20257 0.96113 
936.91275 5.20304 0.93910 
945.63758 5.20320 0.91746 
954.36242 5.20307 0.89620 
963.08725 5.20266 0.87531 
971.81208 5.20197 0.85479 
980.53691 5.20102 0.83463 
989.26174 5.19982 0.81484 
997.98658 5.19839 0.79540 
1006.71141 5.19672 0.77631 
1015.43624 5.19484 0.75756 
1024.16107 5.19275 0.73915 
1032.88591 5.19045 0.72108 
1041.61074 5.18797 0.70333 
1050.33557 5.18530 0.68591 
1059.06040 5.18245 0.66881 
1067.78523 5.17943 0.65202 
1076.51007 5.17626 0.63553 
1085.23490 5.17292 0.61936 
1093.95973 5.16944 0.60348 
1102.68456 5.16582 0.58790 
1111.40940 5.16207 0.57260 
1120.13423 5.15818 0.55760 
1128.85906 5.15417 0.54287 
1137.58389 5.15005 0.52842 
1146.30872 5.14581 0.51425 
1155.03356 5.14146 0.50034 
1163.75839 5.13701 0.48670 
1172.48322 5.13246 0.47332 
1181.20805 5.12782 0.46020 
1189.93289 5.12310 0.44733 
1198.65772 5.11828 0.43471 
1207.38255 5.11339 0.42234 
1216.10738 5.10842 0.41020 
1224.83221 5.10338 0.39831 
1233.55705 5.09827 0.38665 
1242.28188 5.09309 0.37522 
1251.00671 5.08786 0.36402 
1259.73154 5.08256 0.35305 
1268.45638 5.07721 0.34230 
1277.18121 5.07181 0.33176 
1285.90604 5.06636 0.32144 
1294.63087 5.06086 0.31134 
1303.35570 5.05533 0.30144 
1312.08054 5.04975 0.29175 
1320.80537 5.04413 0.28226 
1329.53020 5.03848 0.27297 
1338.25503 5.03280 0.26388 
1346.97987 5.02708 0.25499 
1355.70470 5.02134 0.24629 
1364.42953 5.01558 0.23778 
1373.15436 5.00979 0.22946 
1381.87919 5.00398 0.22132 
1390.60403 4.99815 0.21336 
1399.32886 4.99231 0.20559 
1408.05369 4.98645 0.19799 
1416.77852 4.98058 0.19057 
1425.50336 4.97469 0.18332 
1434.22819 4.96880 0.17624 
1442.95302 4.96291 0.16933 
1451.67785 4.95701 0.16259 
1460.40268 4.95110 0.15601 
1469.12752 4.94520 0.14959 
1477.85235 4.93929 0.14334 
1486.57718 4.93339 0.13724 
1495.30201 4.92749 0.13130 
1504.02685 4.92159 0.12552 
1512.75168 4.91571 0.11989 
1521.47651 4.90983 0.11441 
1530.20134 4.90396 0.10907 
1538.92617 4.89810 0.10389 
1547.65101 4.89225 0.09885 
1556.37584 4.88642 0.09396 
1565.10067 4.88061 0.08921 
1573.82550 4.87481 0.08460 
1582.55034 4.86903 0.08013 
1591.27517 4.86327 0.07579 
1600.00000 4.85754 0.07159 
