194.94	25.80
195.21	25.80
195.48	25.80
195.75	5.30
196.02	6.40
196.29	9.90
196.56	12.00
196.83	14.90
197.10	5.70
197.37	3.20
197.64	7.40
197.91	13.80
198.18	-1.50
198.45	2.00
198.72	-0.50
198.99	-0.80
199.26	3.00
199.53	3.30
199.80	7.10
200.07	10.90
200.34	12.70
200.61	17.90
200.87	8.00
201.14	6.80
201.41	6.70
201.68	13.10
201.95	10.20
202.22	10.30
202.49	11.40
202.76	16.40
203.03	13.70
203.30	6.80
203.57	13.30
203.84	15.90
204.11	6.10
204.38	2.90
204.65	8.60
204.92	13.00
205.19	12.20
205.46	-0.30
205.73	10.70
206.00	14.50
206.27	11.40
206.54	9.60
206.80	7.30
207.07	-0.10
207.34	6.60
207.61	2.80
207.88	3.80
208.15	1.50
208.42	9.60
208.69	6.00
208.96	13.20
209.23	13.20
209.50	2.80
209.77	14.80
210.04	9.60
210.31	10.50
210.58	1.10
210.85	7.40
211.11	15.70
211.38	15.60
211.65	14.10
211.92	2.90
212.19	5.30
212.46	16.10
212.73	7.70
213.00	3.20
213.27	1.30
213.54	4.50
213.81	11.90
214.08	3.60
214.35	4.30
214.62	12.70
214.88	5.60
215.15	8.20
215.42	3.90
215.69	4.90
215.96	8.30
216.23	5.20
216.50	5.20
216.77	11.40
217.04	6.80
217.31	0.40
217.58	5.50
217.85	8.20
218.12	6.90
218.38	2.30
218.65	9.10
218.92	28.80
219.19	7.50
219.46	8.80
219.73	4.40
220.00	10.10
220.27	10.40
220.54	-5.10
220.81	0.60
221.08	12.10
221.34	4.50
221.61	10.60
221.88	4.00
222.15	7.10
222.42	4.10
222.69	2.70
222.96	3.40
223.23	6.70
223.50	8.00
223.77	9.80
224.03	5.50
224.30	19.30
224.57	3.30
224.84	9.10
225.11	6.50
225.38	2.90
225.65	9.60
225.92	7.70
226.19	6.80
226.46	6.00
226.72	7.50
226.99	1.50
227.26	6.80
227.53	19.30
227.80	10.30
228.07	3.10
228.34	4.90
228.61	4.90
228.88	5.70
229.14	1.30
229.41	9.60
229.68	14.40
229.95	0.50
230.22	0.70
230.49	7.30
230.76	9.50
231.03	2.70
231.29	-0.40
231.56	2.10
231.83	5.60
232.10	8.20
232.37	13.20
232.64	12.20
232.91	16.00
233.18	21.10
233.44	9.90
233.71	12.70
233.98	14.40
234.25	2.70
234.52	-0.20
234.79	2.00
235.06	6.50
235.33	10.70
235.59	11.80
235.86	12.70
236.13	14.00
236.40	15.20
236.67	6.70
236.94	9.30
237.21	10.20
237.47	7.20
237.74	0.60
238.01	2.30
238.28	12.80
238.55	18.60
238.82	8.40
239.09	6.10
239.35	14.60
239.62	13.40
239.89	3.30
240.16	5.10
240.43	15.50
240.70	15.40
240.97	9.60
241.23	7.20
241.50	12.70
241.77	5.60
242.04	0.50
242.31	5.60
242.58	6.50
242.84	7.90
243.11	4.90
243.38	4.80
243.65	7.00
243.92	5.70
244.19	6.90
244.46	6.00
244.72	17.20
244.99	13.00
245.26	-1.10
245.53	9.30
245.80	9.30
246.07	4.00
246.33	1.10
246.60	1.00
246.87	5.60
247.14	-0.40
247.41	4.10
247.68	13.30
247.94	19.40
248.21	9.50
248.48	5.10
248.75	6.20
249.02	15.10
249.29	10.20
249.55	1.50
249.82	11.70
250.09	9.70
250.36	7.80
250.63	6.10
250.89	12.00
251.16	15.80
251.43	13.40
251.70	10.80
251.97	11.60
252.24	6.00
252.50	4.70
252.77	2.10
253.04	12.60
253.31	16.90
253.58	9.70
253.84	9.80
254.11	0.80
254.38	13.50
254.65	9.10
254.92	7.00
255.19	3.30
255.45	9.70
255.72	5.20
255.99	-3.70
256.26	0.50
256.53	2.20
256.79	7.50
257.06	9.80
257.33	9.30
257.60	15.70
257.87	10.30
258.13	9.90
258.40	11.90
258.67	8.40
258.94	2.10
259.21	4.10
259.47	9.90
259.74	16.10
260.01	8.30
260.28	4.90
260.55	6.00
260.81	17.40
261.08	17.60
261.35	3.10
261.62	3.90
261.89	25.00
262.15	11.70
262.42	4.70
262.69	5.30
262.96	6.30
263.23	1.30
263.49	9.10
263.76	4.70
264.03	-3.60
264.30	6.30
264.56	11.30
264.83	3.50
265.10	-1.40
265.37	0.00
265.64	10.40
265.90	9.30
266.17	11.70
266.44	10.50
266.71	12.70
266.97	11.30
267.24	17.40
267.51	13.90
267.78	3.80
268.05	9.70
268.31	16.70
268.58	3.20
268.85	4.30
269.12	2.60
269.38	12.00
269.65	5.30
269.92	0.60
270.19	7.80
270.45	20.60
270.72	13.20
270.99	5.10
271.26	9.50
271.53	11.40
271.79	2.90
272.06	9.10
272.33	10.10
272.60	14.60
272.86	7.90
273.13	4.70
273.40	4.60
273.67	9.20
273.93	4.10
274.20	7.30
274.47	6.90
274.74	12.30
275.00	12.00
275.27	6.30
275.54	4.60
275.81	0.40
276.07	-1.40
276.34	1.20
276.61	3.50
276.88	8.80
277.14	6.00
277.41	14.80
277.68	5.30
277.95	11.10
278.21	12.20
278.48	8.90
278.75	2.80
279.02	10.10
279.28	9.50
279.55	8.20
279.82	2.60
280.09	11.90
280.35	9.90
280.62	9.80
280.89	9.30
281.16	3.30
281.42	5.70
281.69	6.50
281.96	0.30
282.22	8.50
282.49	4.20
282.76	-2.70
283.03	8.40
283.29	12.00
283.56	3.40
283.83	1.60
284.10	3.60
284.36	13.50
284.63	5.30
284.90	4.40
285.16	7.10
285.43	8.60
285.70	6.00
285.97	0.90
286.23	7.90
286.50	4.30
286.77	11.10
287.04	9.20
287.30	6.00
287.57	16.60
287.84	12.20
288.10	7.20
288.37	10.50
288.64	10.70
288.91	13.30
289.17	9.30
289.44	3.50
289.71	0.70
289.97	9.60
290.24	9.70
290.51	13.30
290.78	20.00
291.04	9.80
291.31	10.90
291.58	13.40
291.84	12.00
292.11	9.20
292.38	5.90
292.64	12.00
292.91	16.70
293.18	11.40
293.45	6.10
293.71	0.50
293.98	14.70
294.25	8.20
294.51	3.80
294.78	5.90
295.05	6.90
295.31	3.30
295.58	5.30
295.85	-1.10
296.12	6.20
296.38	3.90
296.65	8.50
296.92	14.80
297.18	10.30
297.45	2.40
297.72	11.90
297.98	4.60
298.25	10.70
298.52	5.50
298.78	2.50
299.05	9.80
299.32	3.60
299.58	3.30
299.85	10.30
300.12	10.50
300.39	10.10
300.65	11.50
300.92	5.20
301.19	6.00
301.45	1.00
301.72	9.00
301.99	10.60
302.25	3.70
302.52	4.70
302.79	8.90
303.05	0.70
303.32	2.90
303.59	3.80
303.85	10.10
304.12	-3.60
304.39	12.40
304.65	15.70
304.92	6.70
305.19	7.50
305.45	11.90
305.72	19.30
305.99	11.20
306.25	10.50
306.52	6.60
306.79	12.50
307.05	-0.80
307.32	4.80
307.59	3.10
307.85	1.10
308.12	5.20
308.39	1.10
308.65	7.70
308.92	11.90
309.19	3.40
309.45	1.40
309.72	7.60
309.98	14.30
310.25	6.60
310.52	2.30
310.78	2.50
311.05	9.70
311.32	12.10
311.58	11.00
311.85	2.80
312.12	15.80
312.38	7.20
312.65	1.50
312.92	2.20
313.18	4.00
313.45	7.00
313.72	4.50
313.98	8.60
314.25	7.60
314.51	-0.90
314.78	-3.40
315.05	1.30
315.31	0.10
315.58	11.80
315.85	7.50
316.11	3.40
316.38	15.30
316.65	7.80
316.91	-0.50
317.18	8.80
317.44	11.50
317.71	11.80
317.98	8.60
318.24	1.80
318.51	3.00
318.78	8.00
319.04	4.50
319.31	6.70
319.57	7.70
319.84	12.70
320.11	8.00
320.37	11.30
320.64	15.00
320.91	19.40
321.17	7.40
321.44	6.40
321.70	15.80
321.97	14.40
322.24	8.90
322.50	6.80
322.77	10.00
323.03	6.50
323.30	11.90
323.57	15.90
323.83	30.70
324.10	10.40
324.37	3.70
324.63	13.10
324.90	21.40
325.16	14.00
325.43	3.80
325.70	5.00
325.96	12.10
326.23	10.00
326.49	3.60
326.76	2.90
327.03	2.80
327.29	4.60
327.56	1.50
327.82	6.60
328.09	14.30
328.36	11.20
328.62	2.60
328.89	1.40
329.15	11.40
329.42	6.70
329.69	6.20
329.95	5.30
330.22	5.20
330.48	8.30
330.75	7.70
331.02	8.50
331.28	6.90
331.55	9.20
331.81	7.60
332.08	14.20
332.34	12.60
332.61	8.90
332.88	-1.20
333.14	0.30
333.41	3.10
333.67	2.80
333.94	2.50
334.21	2.80
334.47	9.00
334.74	13.80
335.00	10.30
335.27	5.90
335.53	5.20
335.80	4.80
336.07	5.90
336.33	2.00
336.60	8.30
336.86	2.40
337.13	12.60
337.39	2.10
337.66	12.10
337.93	8.60
338.19	6.60
338.46	0.00
338.72	4.50
338.99	5.50
339.25	0.60
339.52	9.00
339.79	12.20
340.05	8.90
340.32	11.00
340.58	15.70
340.85	11.90
341.11	13.00
341.38	4.80
341.65	4.10
341.91	16.40
342.18	10.60
342.44	8.80
342.71	11.90
342.97	-0.40
343.24	1.50
343.50	1.30
343.77	5.60
344.03	1.40
344.30	0.80
344.57	5.70
344.83	3.90
345.10	8.70
345.36	8.20
345.63	10.60
345.89	12.40
346.16	17.40
346.42	5.80
346.69	3.00
346.96	12.60
347.22	14.50
347.49	10.20
347.75	12.10
348.02	10.90
348.28	11.30
348.55	7.10
348.81	11.80
349.08	12.40
349.34	23.30
349.61	7.80
349.87	4.30
350.14	11.50
350.40	15.10
350.67	4.50
350.94	-3.60
351.20	7.80
351.47	17.70
351.73	15.10
352.00	11.00
352.26	10.60
352.53	10.80
352.79	15.60
353.06	14.70
353.32	7.60
353.59	12.20
353.85	8.70
354.12	4.30
354.38	0.30
354.65	7.80
354.91	6.40
355.18	9.70
355.44	5.20
355.71	16.70
355.97	10.20
356.24	10.20
356.51	6.50
356.77	13.00
357.04	4.10
357.30	-0.40
357.57	14.00
357.83	23.00
358.10	10.50
358.36	9.80
358.63	12.10
358.89	19.00
359.16	3.30
359.42	5.80
359.69	7.90
359.95	2.80
360.22	-1.40
360.48	1.20
360.75	10.60
361.01	8.60
361.28	12.60
361.54	7.00
361.81	1.70
362.07	1.10
362.34	2.80
362.60	6.00
362.87	2.70
363.13	10.30
363.40	9.60
363.66	6.70
363.93	8.30
364.19	19.20
364.46	13.30
364.72	4.70
364.99	6.00
365.25	6.50
365.52	9.50
365.78	1.50
366.04	14.80
366.31	16.50
366.57	9.20
366.84	14.50
367.10	10.10
367.37	10.30
367.63	5.90
367.90	4.80
368.16	8.70
368.43	14.30
368.69	14.60
368.96	13.40
369.22	8.10
369.49	14.50
369.75	8.80
370.02	3.20
370.28	6.10
370.55	9.30
370.81	7.70
371.08	9.80
371.34	11.30
371.60	14.30
371.87	16.20
372.13	9.40
372.40	10.20
372.66	17.60
372.93	6.30
373.19	4.80
373.46	10.00
373.72	12.00
373.99	12.70
374.25	13.30
374.52	15.50
374.78	12.70
375.04	2.00
375.31	9.00
375.57	9.70
375.84	18.70
376.10	8.90
376.37	3.40
376.63	9.20
376.90	23.50
377.16	16.20
377.43	2.30
377.69	5.00
377.95	11.60
378.22	8.40
378.48	9.50
378.75	10.40
379.01	8.70
379.28	3.50
379.54	3.10
379.81	8.50
380.07	16.50
380.33	3.00
380.60	5.40
380.86	3.20
381.13	14.80
381.39	15.70
381.66	8.30
381.92	12.00
382.19	15.10
382.45	7.80
382.71	4.00
382.98	5.60
383.24	19.80
383.51	18.60
383.77	12.30
384.04	3.90
384.30	11.40
384.56	9.40
384.83	7.70
385.09	6.40
385.36	11.80
385.62	10.90
385.89	8.20
386.15	0.90
386.41	10.80
386.68	13.00
386.94	5.30
387.21	8.50
387.47	10.30
387.74	5.80
388.00	11.50
388.26	8.40
388.53	5.00
388.79	13.10
389.06	3.90
389.32	10.30
389.58	9.70
389.85	11.50
390.11	3.70
390.38	5.90
390.64	8.10
390.90	8.10
391.17	17.40
391.43	8.00
391.70	11.70
391.96	13.70
392.23	4.50
392.49	11.10
392.75	20.20
393.02	18.50
393.28	11.00
393.55	7.10
393.81	16.20
394.07	6.60
394.34	3.90
394.60	4.20
394.87	23.80
395.13	10.30
395.39	5.00
395.66	8.70
395.92	9.00
396.18	-3.40
396.45	6.00
396.71	10.60
396.98	10.20
397.24	6.70
397.50	-0.20
397.77	5.50
398.03	8.90
398.30	4.90
398.56	-2.40
398.82	6.60
399.09	13.20
399.35	11.70
399.62	9.00
399.88	8.50
400.14	9.80
400.41	5.30
400.67	6.70
400.93	10.70
401.20	14.50
401.46	16.40
401.73	9.00
401.99	9.20
402.25	16.30
402.52	10.80
402.78	4.20
403.04	3.70
403.31	4.70
403.57	5.80
403.84	3.00
404.10	20.60
404.36	56.60
404.63	12.80
404.89	9.50
405.15	12.30
405.42	10.90
405.68	5.10
405.94	3.80
406.21	-1.40
406.47	1.60
406.74	6.20
407.00	7.50
407.26	7.80
407.53	12.70
407.79	4.00
408.05	-1.90
408.32	3.40
408.58	13.60
408.84	9.00
409.11	9.70
409.37	8.70
409.63	17.20
409.90	21.00
410.16	4.40
410.42	8.90
410.69	11.30
410.95	5.20
411.22	5.90
411.48	7.20
411.74	12.20
412.01	-2.80
412.27	4.50
412.53	13.70
412.80	13.40
413.06	1.90
413.32	7.70
413.59	11.80
413.85	6.50
414.11	9.20
414.38	13.20
414.64	13.80
414.90	4.10
415.17	8.60
415.43	8.70
415.69	8.40
415.96	14.70
416.22	13.90
416.48	7.80
416.75	8.50
417.01	19.10
417.27	10.80
417.54	-0.80
417.80	-5.10
418.06	4.60
418.33	-2.10
418.59	-2.50
418.85	8.30
419.12	17.20
419.38	15.90
419.64	10.60
419.91	4.00
420.17	3.20
420.43	9.00
420.69	8.60
420.96	6.00
421.22	13.00
421.48	12.40
421.75	10.80
422.01	11.50
422.27	13.20
422.54	13.70
422.80	10.80
423.06	13.30
423.33	11.40
423.59	7.30
423.85	7.40
424.11	5.20
424.38	12.10
424.64	-1.30
424.90	6.00
425.17	8.40
425.43	14.90
425.69	10.80
425.96	4.50
426.22	8.40
426.48	18.30
426.75	14.20
427.01	3.40
427.27	1.70
427.53	15.30
427.80	9.60
428.06	2.40
428.32	0.10
428.59	5.60
428.85	3.50
429.11	2.90
429.37	6.20
429.64	6.80
429.90	-1.90
430.16	2.00
430.43	8.10
430.69	6.40
430.95	3.90
431.21	-2.20
431.48	13.80
431.74	21.00
432.00	10.20
432.27	6.90
432.53	8.90
432.79	6.40
433.05	10.30
433.32	6.20
433.58	2.60
433.84	4.80
434.11	8.10
434.37	11.20
434.63	7.20
434.89	11.30
435.16	9.80
435.42	-2.10
435.68	6.80
435.94	0.10
436.21	5.90
436.47	6.50
436.73	3.50
436.99	9.70
437.26	2.80
437.52	1.90
437.78	4.70
438.05	13.10
438.31	5.50
438.57	0.60
438.83	8.90
439.10	8.60
439.36	11.20
439.62	7.30
439.88	9.40
440.15	16.50
440.41	20.40
440.67	5.50
440.93	4.70
441.20	10.90
441.46	5.20
441.72	1.40
441.98	12.00
442.25	5.50
442.51	0.90
442.77	3.90
443.03	4.60
443.30	7.60
443.56	12.90
443.82	19.70
444.08	4.40
444.35	12.50
444.61	4.40
444.87	3.60
445.13	3.40
445.40	4.60
445.66	1.40
445.92	1.50
446.18	4.90
446.44	16.40
446.71	7.90
446.97	5.30
447.23	9.40
447.49	12.00
447.76	3.30
448.02	6.70
448.28	7.40
448.54	11.10
448.81	9.20
449.07	5.20
449.33	7.10
449.59	12.50
449.85	13.60
450.12	8.70
450.38	2.20
450.64	11.80
450.90	16.80
451.17	3.20
451.43	3.50
451.69	17.90
451.95	8.00
452.21	8.40
452.48	5.20
452.74	-1.60
453.00	4.90
453.26	4.30
453.53	6.30
453.79	5.00
454.05	9.20
454.31	3.60
454.57	4.60
454.84	11.50
455.10	2.20
455.36	-2.50
455.62	6.10
455.88	6.60
456.15	4.40
456.41	9.80
456.67	23.00
456.93	13.40
457.19	15.10
457.46	4.80
457.72	11.80
457.98	14.20
458.24	6.30
458.50	7.80
458.77	7.40
459.03	14.20
459.29	6.30
459.55	2.20
459.81	1.20
460.08	7.40
460.34	10.20
460.60	3.60
460.86	6.60
461.12	14.70
461.39	0.80
461.65	2.50
461.91	8.20
462.17	12.80
462.43	7.30
462.69	8.70
462.96	5.00
463.22	8.10
463.48	6.80
463.74	9.10
464.00	17.20
464.27	11.80
464.53	-3.40
464.79	2.00
465.05	6.90
465.31	2.40
465.57	9.90
465.84	-0.30
466.10	8.80
466.36	16.00
466.62	4.40
466.88	6.20
467.14	10.50
467.41	12.80
467.67	10.00
467.93	6.90
468.19	4.60
468.45	13.00
468.71	12.20
468.98	1.10
469.24	11.20
469.50	3.80
469.76	2.90
470.02	8.90
470.28	10.10
470.55	16.10
470.81	6.70
471.07	0.30
471.33	-0.80
471.59	6.40
471.85	13.40
472.11	1.40
472.38	9.10
472.64	9.10
472.90	13.20
473.16	7.70
473.42	12.40
473.68	8.00
473.95	9.20
474.21	11.30
474.47	13.40
474.73	11.10
474.99	2.90
475.25	-0.90
475.51	1.40
475.78	11.80
476.04	20.30
476.30	7.70
476.56	3.40
476.82	8.10
477.08	7.90
477.34	1.00
477.61	1.80
477.87	9.60
478.13	12.90
478.39	3.30
478.65	5.90
478.91	10.80
479.17	3.80
479.43	4.30
479.70	7.10
479.96	3.80
480.22	0.90
480.48	1.50
480.74	5.10
481.00	7.80
481.26	5.80
481.52	6.40
481.79	7.50
482.05	9.20
482.31	13.50
482.57	5.10
482.83	15.80
483.09	12.10
483.35	17.70
483.61	13.90
483.88	11.90
484.14	6.50
484.40	3.50
484.66	12.30
484.92	5.80
485.18	11.50
485.44	9.40
485.70	9.20
485.96	13.00
486.23	21.40
486.49	5.20
486.75	-7.20
487.01	8.00
487.27	4.80
487.53	8.60
487.79	7.70
488.05	6.40
488.31	11.00
488.57	-2.30
488.84	6.70
489.10	9.80
489.36	3.00
489.62	7.60
489.88	4.00
490.14	8.40
490.40	15.50
490.66	14.80
490.92	12.40
491.18	14.60
491.44	16.80
491.71	6.80
491.97	6.30
492.23	7.20
492.49	2.50
492.75	5.00
493.01	7.10
493.27	7.10
493.53	14.70
493.79	1.70
494.05	6.00
494.31	6.80
494.58	9.80
494.84	6.50
495.10	6.80
495.36	8.30
495.62	17.00
495.88	10.40
496.14	1.50
496.40	3.60
496.66	9.60
496.92	8.90
497.18	5.60
497.44	10.90
497.70	16.10
497.96	12.80
498.23	5.90
498.49	10.30
498.75	10.70
499.01	12.80
499.27	2.60
499.53	9.40
499.79	9.10
500.05	14.40
500.31	15.40
500.57	6.40
500.83	6.80
501.09	3.40
501.35	12.70
501.61	1.90
501.87	7.30
502.13	5.60
502.40	9.40
502.66	9.10
502.92	20.60
503.18	13.60
503.44	8.80
503.70	0.90
503.96	1.10
504.22	15.20
504.48	9.10
504.74	6.40
505.00	8.70
505.26	13.40
505.52	0.90
505.78	2.40
506.04	5.00
506.30	10.80
506.56	3.30
506.82	3.90
507.08	10.20
507.34	3.60
507.60	6.70
507.86	12.20
508.13	14.60
508.39	0.60
508.65	1.40
508.91	3.90
509.17	7.70
509.43	6.10
509.69	5.00
509.95	2.70
510.21	9.30
510.47	8.10
510.73	0.70
510.99	-2.90
511.25	4.60
511.51	7.60
511.77	1.00
512.03	-0.30
512.29	3.90
512.55	9.80
512.81	7.10
513.07	1.60
513.33	5.40
513.59	7.40
513.85	11.90
514.11	8.20
514.37	6.20
514.63	-0.10
514.89	-1.20
515.15	-4.50
515.41	10.10
515.67	8.90
515.93	5.40
516.19	6.20
516.45	9.80
516.71	9.70
516.97	4.60
517.23	11.30
517.49	15.70
517.75	1.50
518.01	4.00
518.27	8.30
518.53	3.70
518.79	2.10
519.05	9.90
519.31	14.20
519.57	18.40
519.83	10.60
520.09	-1.50
520.35	14.30
520.61	11.40
520.87	10.10
521.13	10.70
521.39	7.70
521.65	6.90
521.91	5.70
522.17	3.00
522.43	7.30
522.69	8.50
522.95	-1.70
523.21	3.30
523.47	7.90
523.73	15.50
523.99	8.10
524.25	4.40
524.51	4.50
524.77	7.30
525.03	10.40
525.29	4.70
525.55	1.20
525.81	3.20
526.07	2.60
526.33	1.10
526.59	5.60
526.85	5.30
527.11	12.20
527.37	6.50
527.63	14.10
527.89	12.90
528.15	15.20
528.41	13.90
528.67	11.40
528.93	10.00
529.19	8.50
529.45	7.60
529.71	6.60
529.96	6.60
530.22	11.00
530.48	3.10
530.74	11.00
531.00	6.30
531.26	12.50
531.52	10.40
531.78	3.20
532.04	8.00
532.30	7.10
532.56	9.90
532.82	5.90
533.08	6.30
533.34	8.90
533.60	7.40
533.86	10.20
534.12	11.40
534.38	11.10
534.64	2.80
534.90	13.10
535.16	20.20
535.42	7.20
535.67	6.70
535.93	12.70
536.19	8.40
536.45	1.20
536.71	9.00
536.97	6.90
537.23	12.40
537.49	6.30
537.75	7.30
538.01	3.10
538.27	11.20
538.53	10.30
538.79	5.80
539.05	12.60
539.31	7.40
539.57	13.70
539.82	3.60
540.08	9.20
540.34	13.10
540.60	8.20
540.86	4.80
541.12	9.10
541.38	7.60
541.64	1.00
541.90	6.20
542.16	1.60
542.42	4.30
542.68	10.50
542.94	4.80
543.19	9.40
543.45	11.80
543.71	9.50
543.97	5.50
544.23	15.30
544.49	20.70
544.75	9.80
545.01	7.60
545.27	7.70
545.53	15.90
545.79	11.50
546.05	12.40
546.30	17.70
546.56	16.00
546.82	8.70
547.08	1.50
547.34	7.60
547.60	14.20
547.86	13.50
548.12	13.50
548.38	17.70
548.64	6.50
548.89	3.00
549.15	2.50
549.41	10.00
549.67	3.10
549.93	1.60
550.19	2.10
550.45	7.10
550.71	6.20
550.97	10.60
551.23	7.70
551.48	5.40
551.74	7.50
552.00	10.10
552.26	12.10
552.52	13.50
552.78	9.90
553.04	10.80
553.30	12.20
553.56	10.10
553.81	8.40
554.07	3.30
554.33	5.90
554.59	2.20
554.85	1.20
555.11	0.30
555.37	10.40
555.63	18.70
555.88	14.00
556.14	7.80
556.40	5.50
556.66	14.70
556.92	13.50
557.18	7.10
557.44	7.20
557.70	-3.60
557.95	2.70
558.21	9.80
558.47	7.00
558.73	12.60
558.99	15.30
559.25	13.60
559.51	12.50
559.76	10.80
560.02	22.80
560.28	14.00
560.54	7.10
560.80	8.10
561.06	7.20
561.32	6.80
561.58	-0.10
561.83	4.00
562.09	14.10
562.35	7.10
562.61	3.50
562.87	12.50
563.13	17.00
563.38	4.10
563.64	3.40
563.90	4.00
564.16	3.60
564.42	-0.30
564.68	0.30
564.94	6.30
565.19	10.20
565.45	2.80
565.71	5.20
565.97	11.90
566.23	16.90
566.49	5.60
566.74	4.40
567.00	4.30
567.26	11.30
567.52	6.40
567.78	4.40
568.04	8.70
568.29	9.10
568.55	0.90
568.81	7.00
569.07	11.70
569.33	14.50
569.59	8.50
569.84	0.20
570.10	7.80
570.36	6.80
570.62	2.70
570.88	7.40
571.14	9.90
571.39	13.30
571.65	14.10
571.91	-2.90
572.17	8.80
572.43	6.10
572.69	0.10
572.94	2.90
573.20	7.90
573.46	14.40
573.72	4.60
573.98	4.20
574.23	9.30
574.49	15.20
574.75	2.20
575.01	10.10
575.27	7.00
575.53	11.10
575.78	9.50
576.04	13.40
576.30	-1.20
576.56	2.30
576.82	12.70
577.07	14.40
577.33	19.60
577.59	16.80
577.85	7.70
578.11	7.10
578.36	10.40
578.62	13.10
578.88	6.00
579.14	10.00
579.40	7.60
579.65	9.20
579.91	4.50
580.17	2.70
580.43	11.90
580.69	7.40
580.94	12.60
581.20	11.60
581.46	9.40
581.72	11.20
581.97	10.50
582.23	7.00
582.49	3.60
582.75	5.50
583.01	7.50
583.26	6.20
583.52	6.40
583.78	9.40
584.04	13.40
584.30	10.70
584.55	5.60
584.81	6.90
585.07	7.20
585.33	6.90
585.58	10.50
585.84	9.90
586.10	-2.60
586.36	4.10
586.61	3.30
586.87	7.80
587.13	4.70
587.39	7.40
587.65	6.40
587.90	14.00
588.16	-0.40
588.42	-1.50
588.68	5.90
588.93	4.10
589.19	2.40
589.45	6.40
589.71	-1.40
589.96	8.60
590.22	13.90
590.48	11.60
590.74	13.00
590.99	13.80
591.25	5.30
591.51	5.80
591.77	7.60
592.02	14.20
592.28	10.60
592.54	11.90
592.80	8.60
593.05	15.00
593.31	9.90
593.57	1.40
593.83	6.80
594.08	10.10
594.34	8.10
594.60	8.20
594.86	12.10
595.11	20.10
595.37	14.40
595.63	7.90
595.89	9.30
596.14	12.90
596.40	8.00
596.66	8.10
596.92	9.70
597.17	21.40
597.43	14.10
597.69	5.50
597.95	14.60
598.20	21.70
598.46	16.30
598.72	9.20
598.97	8.90
599.23	4.00
599.49	1.90
599.75	5.40
600.00	-0.50
600.26	-13.30
600.52	-1.90
600.78	11.00
601.03	9.90
601.29	13.00
601.55	10.10
601.80	2.40
602.06	2.40
602.32	3.60
602.58	15.30
602.83	12.00
603.09	10.20
603.35	13.90
603.60	13.80
603.86	6.00
604.12	12.20
604.38	8.90
604.63	4.20
604.89	5.20
605.15	9.70
605.40	11.40
605.66	1.70
605.92	10.00
606.18	13.20
606.43	14.70
606.69	13.40
606.95	4.10
607.20	3.90
607.46	10.20
607.72	12.70
607.97	13.10
608.23	9.90
608.49	16.50
608.75	12.70
609.00	6.60
609.26	6.20
609.52	18.20
609.77	14.20
610.03	6.10
610.29	7.70
610.54	12.50
610.80	1.40
611.06	4.40
611.31	5.00
611.57	11.00
611.83	11.30
612.08	5.20
612.34	2.30
612.60	13.70
612.86	14.10
613.11	10.40
613.37	1.80
613.63	7.40
613.88	14.90
614.14	10.10
614.40	13.90
614.65	14.20
614.91	5.00
615.17	4.90
615.42	9.00
615.68	19.50
615.94	9.90
616.19	9.10
616.45	6.40
616.71	9.50
616.96	0.50
617.22	4.60
617.48	4.40
617.73	0.40
617.99	9.30
618.25	1.90
618.50	10.10
618.76	16.20
619.02	9.50
619.27	7.00
619.53	10.10
619.79	4.50
620.04	2.40
620.30	4.10
620.56	6.80
620.81	14.10
621.07	13.90
621.32	1.70
621.58	-1.40
621.84	7.10
622.09	21.00
622.35	9.20
622.61	1.40
622.86	13.50
623.12	15.50
623.38	10.50
623.63	15.80
623.89	18.40
624.15	11.30
624.40	5.60
624.66	8.30
624.92	8.10
625.17	5.60
625.43	14.40
625.68	6.60
625.94	12.80
626.20	12.10
626.45	7.40
626.71	7.30
626.97	10.80
627.22	6.40
627.48	8.50
627.73	6.40
627.99	4.20
628.25	3.20
628.50	3.30
628.76	10.00
629.02	16.30
629.27	11.90
629.53	5.30
629.78	12.60
630.04	12.30
630.30	7.90
630.55	17.10
630.81	17.40
631.07	20.20
631.32	16.60
631.58	14.00
631.83	13.80
632.09	10.20
632.35	12.90
632.60	10.60
632.86	5.40
633.11	9.60
633.37	5.50
633.63	2.70
633.88	9.00
634.14	12.10
634.40	4.40
634.65	14.80
634.91	14.50
635.16	8.40
635.42	4.00
635.68	3.80
635.93	7.30
636.19	9.10
636.44	17.60
636.70	15.60
636.96	14.00
637.21	14.20
637.47	7.50
637.72	1.90
637.98	4.60
638.23	6.60
638.49	7.30
638.75	-1.10
639.00	2.90
639.26	8.30
639.51	7.20
639.77	7.50
640.03	10.10
640.28	9.80
640.54	3.60
640.79	7.50
641.05	8.70
641.30	10.50
641.56	3.70
641.82	7.20
642.07	3.20
642.33	5.60
642.58	2.70
642.84	12.70
643.10	7.30
643.35	3.20
643.61	8.40
643.86	14.50
644.12	8.20
644.37	17.20
644.63	13.90
644.89	9.60
645.14	14.60
645.40	15.70
645.65	16.00
645.91	10.20
646.16	7.50
646.42	-0.10
646.67	8.60
646.93	10.70
647.19	14.60
647.44	2.20
647.70	5.90
647.95	12.70
648.21	9.00
648.46	14.10
648.72	7.30
648.97	4.30
649.23	4.10
649.49	8.90
649.74	1.60
650.00	10.20
650.25	11.00
650.51	9.70
650.76	6.40
651.02	7.70
651.27	8.50
651.53	13.40
651.79	10.50
652.04	9.70
652.30	10.50
652.55	10.40
652.81	8.00
653.06	15.30
653.32	8.80
653.57	9.20
653.83	3.80
654.08	0.30
654.34	11.90
654.59	3.70
654.85	9.70
655.10	17.20
655.36	13.90
655.62	1.10
655.87	3.00
656.13	2.00
656.38	4.70
656.64	10.50
656.89	4.50
657.15	2.00
657.40	8.40
657.66	14.00
657.91	11.50
658.17	1.50
658.42	2.50
658.68	17.50
658.93	11.20
659.19	2.40
659.44	7.10
659.70	2.10
659.95	3.70
660.21	10.60
660.46	13.40
660.72	8.60
660.97	-0.50
661.23	5.50
661.48	5.40
661.74	8.30
661.99	11.00
662.25	17.30
662.51	7.20
662.76	15.60
663.02	4.90
663.27	12.10
663.53	16.00
663.78	15.50
664.04	6.20
664.29	11.30
664.55	6.70
664.80	9.90
665.06	12.30
665.31	9.80
665.56	17.90
665.82	15.20
666.07	13.10
666.33	5.80
666.58	9.50
666.84	15.20
667.09	11.50
667.35	9.80
667.60	13.50
667.86	9.20
668.11	2.50
668.37	8.50
668.62	5.70
668.88	1.30
669.13	8.40
669.39	10.40
669.64	13.20
669.90	12.20
670.15	7.20
670.41	11.90
670.66	18.20
670.92	21.70
671.17	6.70
671.43	0.90
671.68	9.50
671.94	12.80
672.19	8.80
672.44	6.30
672.70	4.70
672.95	3.70
673.21	0.90
673.46	-0.80
673.72	8.40
673.97	13.50
674.23	8.90
674.48	10.20
674.74	12.90
674.99	15.80
675.25	12.60
675.50	2.90
675.75	-0.20
676.01	14.30
676.26	14.40
676.52	5.80
676.77	4.10
677.03	9.40
677.28	12.70
677.54	13.70
677.79	1.30
678.05	5.40
678.30	2.90
678.55	5.00
678.81	13.00
679.06	11.00
679.32	8.80
679.57	5.10
679.83	9.20
680.08	19.10
680.34	6.70
680.59	2.90
680.84	2.80
681.10	15.80
681.35	10.40
681.61	7.00
681.86	7.90
682.12	15.50
682.37	13.90
682.62	6.60
682.88	7.70
683.13	9.00
683.39	14.60
683.64	15.70
683.90	11.80
684.15	10.10
684.40	12.30
684.66	18.00
684.91	10.00
685.17	20.30
685.42	6.50
685.68	12.10
685.93	3.80
686.18	10.30
686.44	7.90
686.69	3.40
686.95	0.90
687.20	6.20
687.46	8.80
687.71	6.30
687.96	8.60
688.22	13.10
688.47	12.40
688.73	11.30
688.98	4.80
689.23	12.50
689.49	1.90
689.74	3.00
690.00	4.10
690.25	7.40
690.50	4.60
690.76	6.90
691.01	20.50
691.27	19.90
691.52	8.70
691.77	5.80
692.03	12.50
692.28	23.80
692.54	10.60
692.79	6.50
693.04	6.80
693.30	11.30
693.55	7.80
693.81	6.30
694.06	-0.90
694.31	13.10
694.57	4.80
694.82	12.20
695.08	5.60
695.33	16.50
695.58	6.60
695.84	6.20
696.09	2.10
696.34	10.30
696.60	10.60
696.85	11.70
697.11	10.60
697.36	7.10
697.61	2.70
697.87	4.20
698.12	10.20
698.37	16.20
698.63	9.40
698.88	3.20
699.14	7.40
699.39	12.40
699.64	15.10
699.90	7.60
700.15	-2.10
700.40	-1.60
700.66	7.20
700.91	12.20
701.17	16.80
701.42	14.80
701.67	12.00
701.93	-1.60
702.18	0.40
702.43	10.50
702.69	10.70
702.94	1.70
703.19	7.70
703.45	5.00
703.70	-0.20
703.95	4.90
704.21	6.50
704.46	15.30
704.72	5.80
704.97	0.00
705.22	2.30
705.48	4.60
705.73	9.00
705.98	16.30
706.24	16.40
706.49	9.00
706.74	14.40
707.00	15.70
707.25	18.10
707.50	20.50
707.76	6.70
708.01	7.80
708.26	9.30
708.52	15.90
708.77	11.00
709.02	8.30
709.28	5.00
709.53	-1.00
709.78	4.20
710.04	6.90
710.29	10.80
710.54	15.60
710.80	10.80
711.05	11.80
711.30	7.50
711.56	8.30
711.81	4.60
712.06	2.20
712.32	-1.20
712.57	7.50
712.82	7.00
713.08	6.80
713.33	6.00
713.58	20.30
713.84	16.60
714.09	17.00
714.34	6.80
714.59	5.60
714.85	8.40
715.10	10.40
715.35	8.70
715.61	14.90
715.86	-1.20
716.11	-8.40
716.37	7.00
716.62	13.90
716.87	11.50
717.13	5.80
717.38	11.90
717.63	14.20
717.89	6.50
718.14	7.30
718.39	-3.30
718.64	-3.80
718.90	9.00
719.15	9.10
719.40	14.60
719.66	8.40
719.91	7.30
720.16	4.90
720.41	0.60
720.67	-3.30
720.92	11.10
721.17	5.90
721.43	7.90
721.68	2.60
721.93	-0.10
722.19	-4.00
722.44	4.80
722.69	13.50
722.94	15.40
723.20	6.50
723.45	6.30
723.70	15.40
723.95	8.50
724.21	13.50
724.46	10.90
724.71	6.90
724.97	-0.80
725.22	6.30
725.47	13.00
725.72	20.20
725.98	7.50
726.23	5.20
726.48	10.10
726.74	12.10
726.99	3.00
727.24	9.70
727.49	13.60
727.75	7.50
728.00	6.40
728.25	3.90
728.50	5.90
728.76	5.60
729.01	8.40
729.26	6.90
729.51	16.20
729.77	14.40
730.02	4.20
730.27	5.70
730.52	3.40
730.78	-5.10
731.03	2.90
731.28	11.20
731.53	7.60
731.79	8.20
732.04	6.70
732.29	12.70
732.54	14.80
732.80	11.00
733.05	9.60
733.30	12.90
733.55	10.00
733.81	18.90
734.06	15.50
734.31	7.20
734.56	10.20
734.82	1.70
735.07	6.80
735.32	4.90
735.57	13.00
735.83	10.00
736.08	6.10
736.33	8.50
736.58	9.90
736.84	16.20
737.09	10.90
737.34	6.60
737.59	4.80
737.84	4.50
738.10	4.60
738.35	14.40
738.60	9.00
738.85	12.40
739.11	8.20
739.36	2.10
739.61	6.20
739.86	6.80
740.11	5.20
740.37	1.10
740.62	10.60
740.87	18.80
741.12	4.50
741.38	7.50
741.63	15.10
741.88	10.80
742.13	6.70
742.38	10.50
742.64	14.10
742.89	12.60
743.14	14.10
743.39	2.50
743.64	8.00
743.90	19.80
744.15	8.80
744.40	9.90
744.65	11.00
744.90	8.60
745.16	3.00
745.41	5.90
745.66	6.10
745.91	8.10
746.16	3.90
746.42	-2.20
746.67	4.00
746.92	12.80
747.17	15.00
747.42	13.20
747.68	13.50
747.93	19.20
748.18	10.70
748.43	6.20
748.68	11.50
748.94	5.60
749.19	13.50
749.44	17.80
749.69	7.70
749.94	6.80
750.19	2.80
750.45	10.20
750.70	16.40
750.95	13.10
751.20	12.70
751.45	7.20
751.71	9.40
751.96	10.00
752.21	14.10
752.46	8.00
752.71	10.00
752.96	14.40
753.22	8.90
753.47	8.00
753.72	5.50
753.97	12.10
754.22	9.70
754.47	7.80
754.73	11.60
754.98	9.10
755.23	7.00
755.48	12.40
755.73	10.80
755.98	8.90
756.24	10.30
756.49	7.40
756.74	7.50
756.99	9.30
757.24	8.70
757.49	12.90
757.74	12.00
758.00	5.30
758.25	12.20
758.50	12.20
758.75	8.10
759.00	14.80
759.25	21.40
759.51	11.30
759.76	10.90
760.01	8.00
760.26	14.80
760.51	17.90
760.76	20.50
761.01	14.90
761.27	6.60
761.52	5.70
761.77	7.00
762.02	8.00
762.27	7.90
762.52	3.40
762.77	10.30
763.02	18.10
763.28	21.50
763.53	19.00
763.78	8.20
764.03	8.10
764.28	3.40
764.53	9.60
764.78	15.30
765.03	15.40
765.29	9.30
765.54	8.10
765.79	12.80
766.04	13.20
766.29	12.80
766.54	3.80
766.79	7.60
767.04	18.20
767.30	9.90
767.55	12.40
767.80	10.00
768.05	6.80
768.30	9.60
768.55	6.30
768.80	6.60
769.05	12.80
769.30	9.10
769.56	10.10
769.81	12.40
770.06	14.70
770.31	17.80
770.56	11.00
770.81	4.90
771.06	21.10
771.31	13.20
771.56	13.50
771.82	7.90
772.07	14.90
772.32	17.10
772.57	14.30
772.82	8.80
773.07	14.50
773.32	5.10
773.57	7.20
773.82	3.30
774.07	7.10
774.32	12.80
774.58	9.70
774.83	10.10
775.08	8.50
775.33	24.10
775.58	16.80
775.83	9.20
776.08	3.80
776.33	2.30
776.58	4.50
776.83	11.10
777.08	10.40
777.33	12.10
777.59	19.00
777.84	18.70
778.09	18.60
778.34	11.90
778.59	13.60
778.84	16.00
779.09	23.60
779.34	9.80
779.59	5.80
779.84	9.00
780.09	15.20
780.34	16.20
780.59	11.70
780.84	19.20
781.10	16.10
781.35	3.90
781.60	9.00
781.85	21.10
782.10	16.70
782.35	15.00
782.60	12.10
782.85	8.90
783.10	16.10
783.35	11.70
783.60	11.00
783.85	14.60
784.10	19.70
784.35	22.20
784.60	12.60
784.85	10.00
785.10	7.60
785.35	7.10
785.61	11.00
785.86	13.20
786.11	10.80
786.36	12.00
786.61	7.20
786.86	11.40
787.11	13.00
787.36	12.50
787.61	13.10
787.86	18.40
788.11	17.10
788.36	10.60
788.61	12.20
788.86	7.70
789.11	9.80
789.36	12.40
789.61	10.50
789.86	8.00
790.11	10.60
790.36	12.40
790.61	14.20
790.86	17.60
791.11	24.20
791.36	11.50
791.61	13.00
791.86	23.70
792.11	18.10
792.36	12.90
792.61	18.80
792.86	10.30
793.11	9.60
793.36	5.60
793.61	6.80
793.87	15.00
794.12	24.60
794.37	9.50
794.62	4.70
794.87	12.00
795.12	15.00
795.37	13.50
795.62	10.10
795.87	12.90
796.12	14.90
796.37	13.00
796.62	20.10
796.87	21.10
797.12	18.10
797.37	18.50
797.62	23.60
797.87	21.00
798.12	16.30
798.37	14.70
798.62	8.60
798.87	12.20
799.12	13.90
799.37	15.20
799.62	22.00
799.87	23.60
800.12	15.60
800.37	15.20
800.62	16.70
800.87	10.40
801.12	21.30
801.37	12.40
801.61	12.30
801.86	11.80
802.11	17.30
802.36	20.20
802.61	12.40
802.86	12.50
803.11	15.20
803.36	19.90
803.61	7.60
803.86	14.70
804.11	11.80
804.36	17.00
804.61	18.20
804.86	21.90
805.11	20.50
805.36	17.20
805.61	8.40
805.86	9.90
806.11	8.90
806.36	11.50
806.61	10.80
806.86	11.60
807.11	21.90
807.36	20.70
807.61	12.80
807.86	11.70
808.11	25.40
808.36	18.60
808.61	11.80
808.86	14.70
809.11	16.00
809.36	18.30
809.60	14.20
809.85	20.80
810.10	19.90
810.35	18.40
810.60	14.10
810.85	8.20
811.10	19.00
811.35	21.00
811.60	15.10
811.85	18.30
812.10	14.50
812.35	14.20
812.60	11.30
812.85	3.20
813.10	14.20
813.35	14.90
813.60	14.30
813.85	18.10
814.09	11.90
814.34	18.10
814.59	10.30
814.84	14.10
815.09	18.20
815.34	16.50
815.59	6.40
815.84	11.80
816.09	18.60
816.34	5.70
816.59	10.70
816.84	12.80
817.09	22.40
817.34	21.30
817.58	16.80
817.83	19.60
818.08	20.30
818.33	18.30
818.58	16.40
818.83	12.20
819.08	21.30
819.33	21.00
819.58	18.10
819.83	12.60
820.08	13.40
820.33	19.00
820.57	5.40
820.82	10.60
821.07	14.90
821.32	19.00
821.57	8.10
821.82	11.60
822.07	20.20
822.32	18.40
822.57	19.90
822.82	10.50
823.07	13.90
823.31	16.60
823.56	17.10
823.81	10.70
824.06	16.00
824.31	19.00
824.56	9.30
824.81	16.20
825.06	17.80
825.31	11.90
825.55	14.30
825.80	24.20
826.05	26.00
826.30	16.90
826.55	14.80
826.80	14.90
827.05	19.80
827.30	20.90
827.55	22.90
827.79	15.20
828.04	12.80
828.29	18.00
828.54	27.50
828.79	19.00
829.04	23.50
829.29	24.80
829.54	16.90
829.78	6.10
830.03	17.90
830.28	15.70
830.53	15.00
830.78	16.70
831.03	22.50
831.28	23.10
831.53	15.40
831.77	16.30
832.02	28.00
832.27	17.50
832.52	19.00
832.77	18.50
833.02	15.40
833.27	18.90
833.51	26.00
833.76	18.40
834.01	21.20
834.26	15.20
834.51	21.30
834.76	24.10
835.01	20.30
835.25	22.10
835.50	24.40
835.75	21.70
836.00	22.10
836.25	16.20
836.50	7.70
836.75	15.20
836.99	25.00
837.24	23.70
837.49	21.80
837.74	14.60
837.99	12.40
838.24	11.10
838.48	13.30
838.73	15.90
838.98	17.60
839.23	23.10
839.48	20.40
839.73	19.10
839.97	23.70
840.22	15.80
840.47	25.90
840.72	27.50
840.97	24.50
841.22	20.50
841.46	18.20
841.71	13.10
841.96	15.20
842.21	20.10
842.46	25.20
842.71	20.60
842.95	17.10
843.20	22.40
843.45	18.10
843.70	26.40
843.95	32.10
844.20	14.60
844.44	16.80
844.69	18.50
844.94	24.30
845.19	20.90
845.44	25.80
845.68	25.50
845.93	29.70
846.18	19.10
846.43	18.30
846.68	16.90
846.92	26.40
847.17	24.00
847.42	17.90
847.67	17.50
847.92	16.70
848.16	24.00
848.41	25.70
848.66	20.30
848.91	25.10
849.16	23.20
849.40	22.50
849.65	25.60
849.90	26.00
850.15	23.80
850.40	27.40
850.64	19.30
850.89	25.80
851.14	20.40
851.39	19.50
851.64	16.40
851.88	20.10
852.13	29.10
852.38	23.70
852.63	28.20
852.87	26.00
853.12	19.20
853.37	21.20
853.62	17.20
853.87	30.20
854.11	28.30
854.36	28.20
854.61	28.90
854.86	24.90
855.10	16.50
855.35	21.40
855.60	28.40
855.85	26.40
856.10	24.60
856.34	20.30
856.59	24.10
856.84	18.50
857.09	12.90
857.33	23.00
857.58	21.50
857.83	24.50
858.08	22.30
858.32	25.80
858.57	24.00
858.82	27.00
859.07	17.60
859.31	28.00
859.56	22.50
859.81	30.80
860.06	28.90
860.30	31.20
860.55	25.80
860.80	28.10
861.05	30.30
861.29	30.10
861.54	23.30
861.79	21.20
862.04	25.00
862.28	19.10
862.53	25.80
862.78	25.50
863.03	24.20
863.27	25.50
863.52	23.30
863.77	32.70
864.02	27.20
864.26	33.20
864.51	32.50
864.76	29.90
865.01	26.10
865.25	27.40
865.50	28.50
865.75	28.20
866.00	33.60
866.24	30.00
866.49	32.70
866.74	32.80
866.98	31.80
867.23	27.00
867.48	19.30
867.73	30.00
867.97	27.30
868.22	19.20
868.47	22.80
868.71	30.40
868.96	22.80
869.21	24.20
869.46	27.00
869.70	34.80
869.95	28.90
870.20	22.80
870.44	27.40
870.69	22.00
870.94	26.90
871.19	25.10
871.43	31.10
871.68	34.00
871.93	27.70
872.17	22.10
872.42	32.90
872.67	25.80
872.92	35.60
873.16	32.90
873.41	28.40
873.66	33.50
873.90	24.10
874.15	27.30
874.40	29.30
874.64	29.70
874.89	34.60
875.14	30.70
875.39	31.10
875.63	37.00
875.88	30.80
876.13	30.70
876.37	26.40
876.62	36.20
876.87	40.70
877.11	31.50
877.36	20.10
877.61	23.20
877.85	27.70
878.10	33.50
878.35	36.90
878.59	29.80
878.84	30.20
879.09	26.60
879.33	32.40
879.58	27.10
879.83	28.80
880.07	27.90
880.32	27.20
880.57	31.50
880.81	24.80
881.06	32.00
881.31	45.00
881.55	40.00
881.80	26.40
882.05	30.20
882.29	37.40
882.54	40.80
882.79	30.70
883.03	25.90
883.28	28.00
883.53	28.60
883.77	36.20
884.02	34.30
884.27	33.40
884.51	30.90
884.76	27.20
885.01	29.40
885.25	37.00
885.50	26.00
885.75	30.20
885.99	33.60
886.24	23.70
886.49	26.40
886.73	28.30
886.98	26.70
887.23	30.30
887.47	27.90
887.72	21.20
887.96	32.10
888.21	27.60
888.46	37.80
888.70	32.80
888.95	41.60
889.20	39.50
889.44	39.80
889.69	26.70
889.94	34.80
890.18	33.60
890.43	35.20
890.67	33.50
890.92	26.80
891.17	27.50
891.41	29.70
891.66	38.90
891.91	31.20
892.15	29.60
892.40	30.10
892.64	27.50
892.89	30.40
893.14	27.00
893.38	38.40
893.63	36.00
893.88	34.30
894.12	28.80
894.37	29.50
894.61	32.10
894.86	33.40
895.11	38.10
895.35	35.30
895.60	31.80
895.84	35.10
896.09	35.40
896.34	37.20
896.58	38.20
896.83	41.30
897.07	32.30
897.32	34.20
897.57	32.00
897.81	36.30
898.06	28.90
898.30	31.40
898.55	34.50
898.80	35.70
899.04	33.80
899.29	32.10
899.53	29.90
899.78	30.90
900.03	35.20
900.27	28.80
900.52	29.20
900.76	32.50
901.01	29.60
901.26	33.00
901.50	29.70
901.75	32.80
901.99	39.40
902.24	36.10
902.48	27.70
902.73	30.70
902.98	33.90
903.22	36.40
903.47	45.20
903.71	36.50
903.96	32.70
904.21	33.80
904.45	32.50
904.70	32.30
904.94	30.20
905.19	35.40
905.43	31.90
905.68	35.80
905.93	35.40
906.17	28.20
906.42	33.10
906.66	41.40
906.91	49.50
907.15	36.50
907.40	30.10
907.64	32.10
907.89	32.70
908.14	45.60
908.38	31.00
908.63	33.20
908.87	27.10
909.12	31.40
909.36	38.90
909.61	41.20
909.85	34.30
910.10	39.00
910.35	35.00
910.59	32.50
910.84	32.00
911.08	46.50
911.33	32.70
911.57	29.70
911.82	25.60
912.06	27.50
912.31	22.80
912.55	27.70
912.80	35.00
913.05	43.60
913.29	36.50
913.54	31.30
913.78	32.90
914.03	31.70
914.27	30.40
914.52	29.30
914.76	36.40
915.01	33.30
915.25	30.90
915.50	31.50
915.74	29.20
915.99	40.80
916.23	42.00
916.48	30.50
916.72	32.30
916.97	40.40
917.22	31.40
917.46	30.60
917.71	33.70
917.95	37.50
918.20	38.00
918.44	31.90
918.69	34.90
918.93	41.80
919.18	38.90
919.42	36.70
919.67	27.40
919.91	40.50
920.16	29.90
920.40	31.90
920.65	35.70
920.89	30.00
921.14	34.80
921.38	26.20
921.63	28.60
921.87	38.50
922.12	28.90
922.36	32.70
922.61	36.50
922.85	35.10
923.10	27.90
923.34	34.50
923.59	30.30
923.83	32.10
924.08	30.80
924.32	35.20
924.57	30.90
924.81	35.50
925.06	23.20
925.30	37.60
925.55	28.20
925.79	35.20
926.04	33.50
926.28	33.60
926.53	37.80
926.77	34.30
927.01	38.00
927.26	38.90
927.50	34.70
927.75	37.50
927.99	30.00
928.24	35.80
928.48	38.30
928.73	40.50
928.97	35.60
929.22	29.30
929.46	33.30
929.71	40.40
929.95	34.70
930.20	39.20
930.44	36.90
930.69	33.40
930.93	25.70
931.17	31.40
931.42	29.80
931.66	37.70
931.91	39.40
932.15	47.70
932.40	32.20
932.64	32.70
932.89	32.40
933.13	28.90
933.38	29.50
933.62	29.80
933.86	27.30
934.11	22.30
934.35	28.40
934.60	34.70
934.84	36.90
935.09	32.50
935.33	26.70
935.58	28.90
935.82	28.40
936.06	30.20
936.31	35.80
936.55	43.60
936.80	38.80
937.04	39.10
937.29	33.80
937.53	29.80
937.78	29.70
938.02	31.10
938.26	39.40
938.51	30.10
938.75	27.30
939.00	22.00
939.24	21.70
939.49	33.90
939.73	29.70
939.97	28.70
940.22	30.20
940.46	31.50
940.71	32.50
940.95	26.50
941.20	28.10
941.44	30.20
941.68	24.00
941.93	38.40
942.17	44.50
942.42	36.00
942.66	21.50
942.90	27.60
943.15	28.20
943.39	29.30
943.64	32.10
943.88	34.70
944.12	36.40
944.37	41.60
944.61	34.90
944.86	34.10
945.10	28.60
945.35	30.80
945.59	35.30
945.83	37.50
946.08	35.50
946.32	32.40
946.57	28.80
946.81	33.20
947.05	37.00
947.30	30.60
947.54	26.90
947.78	26.20
948.03	30.20
948.27	36.10
948.52	28.80
948.76	25.30
949.00	33.40
949.25	40.00
949.49	45.30
949.74	40.60
949.98	37.70
950.22	42.90
950.47	36.90
950.71	38.10
950.95	40.20
951.20	38.60
951.44	36.00
951.69	39.90
951.93	38.70
952.17	39.90
952.42	38.70
952.66	37.40
952.90	36.80
953.15	45.90
953.39	38.00
953.64	35.60
953.88	38.60
954.12	37.40
954.37	34.20
954.61	34.20
954.85	37.50
955.10	38.00
955.34	31.20
955.58	38.80
955.83	39.80
956.07	38.30
956.32	39.30
956.56	40.70
956.80	44.20
957.05	40.00
957.29	36.00
957.53	42.80
957.78	36.60
958.02	43.90
958.26	37.40
958.51	29.20
958.75	31.20
958.99	46.90
959.24	48.10
959.48	37.60
959.72	37.80
959.97	42.70
960.21	39.10
960.45	37.00
960.70	41.70
960.94	46.80
961.18	47.10
961.43	34.20
961.67	39.80
961.91	41.40
962.16	46.20
962.40	46.30
962.64	47.90
962.89	45.70
963.13	46.20
963.37	46.80
963.62	48.60
963.86	46.30
964.10	42.70
964.35	36.20
964.59	31.40
964.83	45.00
965.08	39.00
965.32	33.20
965.56	36.70
965.81	40.90
966.05	47.10
966.29	50.70
966.54	43.10
966.78	43.10
967.02	42.70
967.27	50.90
967.51	37.30
967.75	37.10
967.99	36.50
968.24	33.90
968.48	42.90
968.72	38.40
968.97	38.80
969.21	42.80
969.45	43.60
969.70	40.30
969.94	46.40
970.18	48.10
970.42	51.10
970.67	59.30
970.91	45.20
971.15	35.80
971.40	33.60
971.64	38.20
971.88	46.20
972.12	42.40
972.37	44.60
972.61	44.90
972.85	40.20
973.10	37.60
973.34	44.90
973.58	48.80
973.82	38.20
974.07	43.60
974.31	37.80
974.55	41.70
974.80	45.80
975.04	45.40
975.28	41.50
975.52	42.20
975.77	41.60
976.01	42.10
976.25	39.70
976.50	43.60
976.74	40.10
976.98	37.30
977.22	40.10
977.47	44.40
977.71	38.50
977.95	47.70
978.19	46.40
978.44	41.30
978.68	50.10
978.92	42.70
979.16	39.10
979.41	43.80
979.65	46.60
979.89	42.30
980.13	31.90
980.38	34.90
980.62	39.70
980.86	36.40
981.10	38.60
981.35	43.80
981.59	39.30
981.83	39.50
982.07	46.50
982.32	45.20
982.56	41.90
982.80	44.30
983.04	38.10
983.29	34.80
983.53	37.50
983.77	43.80
984.01	46.20
984.26	52.20
984.50	39.60
984.74	46.70
984.98	50.50
985.23	37.20
985.47	46.70
985.71	45.30
985.95	43.10
986.19	39.10
986.44	46.40
986.68	42.90
986.92	37.80
987.16	47.70
987.41	45.00
987.65	43.60
987.89	44.50
988.13	41.10
988.37	22.80
988.62	31.10
988.86	27.00
989.10	34.90
989.34	37.70
989.59	36.80
989.83	30.30
990.07	38.50
990.31	38.00
990.55	35.20
990.80	38.30
991.04	41.50
991.28	37.70
991.52	36.00
991.76	36.00
992.01	35.80
992.25	37.00
992.49	39.10
992.73	40.70
992.97	48.10
993.22	37.40
993.46	41.70
993.70	41.50
993.94	45.30
994.18	37.40
994.43	36.80
994.67	36.00
994.91	44.70
995.15	42.90
995.39	37.70
995.64	34.40
995.88	39.10
996.12	37.50
996.36	38.60
996.60	35.10
996.84	31.40
997.09	39.00
997.33	26.50
997.57	39.10
997.81	41.60
998.05	39.10
998.30	32.30
998.54	31.70
998.78	38.70
999.02	32.40
999.26	30.90
999.50	33.80
999.75	41.10
999.99	30.70
1000.23	35.50
1000.47	26.30
1000.71	31.30
1000.95	34.30
1001.20	34.30
1001.44	41.90
1001.68	35.40
1001.92	31.60
1002.16	26.80
1002.40	29.00
1002.65	35.90
1002.89	30.80
1003.13	34.50
1003.37	40.00
1003.61	41.70
1003.85	38.80
1004.09	35.30
1004.34	35.50
1004.58	33.70
1004.82	30.80
1005.06	25.10
1005.30	29.60
1005.54	35.00
1005.78	27.60
1006.03	27.00
1006.27	32.60
1006.51	33.20
1006.75	35.50
1006.99	24.40
1007.23	28.40
1007.47	32.30
1007.72	26.30
1007.96	35.70
1008.20	41.60
1008.44	37.90
1008.68	39.40
1008.92	33.80
1009.16	40.10
1009.40	45.00
1009.65	50.20
1009.89	38.00
1010.13	32.00
1010.37	32.80
1010.61	33.30
1010.85	25.60
1011.09	24.40
1011.33	23.50
1011.58	22.80
1011.82	27.00
1012.06	39.00
1012.30	41.50
1012.54	41.10
1012.78	32.50
1013.02	31.70
1013.26	30.20
1013.50	27.60
1013.75	37.10
1013.99	33.10
1014.23	30.70
1014.47	27.80
1014.71	30.40
1014.95	29.70
1015.19	34.90
1015.43	36.20
1015.67	30.60
1015.92	29.90
1016.16	29.00
1016.40	30.60
1016.64	27.80
1016.88	31.50
1017.12	35.50
1017.36	35.60
1017.60	33.10
1017.84	31.40
1018.08	19.90
1018.32	20.60
1018.57	24.80
1018.81	30.30
1019.05	34.10
1019.29	30.10
1019.53	30.50
1019.77	30.40
1020.01	31.30
1020.25	33.00
1020.49	26.70
1020.73	25.30
1020.97	28.80
1021.21	32.80
1021.45	38.50
1021.70	34.90
1021.94	28.60
1022.18	24.20
1022.42	20.20
1022.66	26.90
1022.90	25.20
1023.14	30.60
1023.38	36.50
1023.62	33.80
1023.86	28.60
1024.10	28.40
1024.34	23.20
1024.58	27.40
1024.82	30.60
1025.06	28.90
1025.31	25.70
1025.55	21.10
1025.79	24.70
1026.03	23.60
1026.27	24.60
1026.51	25.10
1026.75	26.30
1026.99	23.40
1027.23	26.10
1027.47	21.80
1027.71	23.30
1027.95	36.40
1028.19	30.30
1028.43	19.80
1028.67	21.20
1028.91	25.60
1029.15	22.40
1029.39	22.80
1029.63	12.60
1029.87	20.20
1030.11	26.30
1030.36	29.60
1030.60	26.80
1030.84	31.10
1031.08	33.00
1031.32	21.90
1031.56	27.50
1031.80	27.00
1032.04	29.20
1032.28	23.70
1032.52	26.80
1032.76	23.20
1033.00	20.70
1033.24	25.70
1033.48	19.60
1033.72	21.70
1033.96	28.00
1034.20	29.20
1034.44	22.90
1034.68	25.90
1034.92	25.90
1035.16	26.30
1035.40	38.00
1035.64	32.40
1035.88	31.30
1036.12	20.10
1036.36	25.10
1036.60	24.10
1036.84	28.20
1037.08	26.00
1037.32	24.10
1037.56	24.50
1037.80	24.30
1038.04	23.40
1038.28	26.70
1038.52	24.30
1038.76	30.60
1039.00	28.30
1039.24	22.10
1039.48	24.60
1039.72	25.50
1039.96	21.50
1040.20	24.90
1040.44	22.10
1040.68	17.30
1040.92	11.70
1041.16	17.50
1041.40	19.90
1041.64	24.90
1041.88	23.50
1042.12	18.80
1042.36	29.00
1042.60	24.20
1042.84	27.10
1043.08	29.40
1043.32	22.70
1043.56	23.70
1043.80	26.90
1044.04	23.10
1044.28	25.20
1044.52	31.70
1044.76	21.90
1045.00	21.20
1045.24	24.30
1045.48	12.80
1045.72	21.20
1045.96	27.00
1046.19	19.50
1046.43	18.50
1046.67	18.30
1046.91	25.20
1047.15	22.30
1047.39	25.00
1047.63	20.20
1047.87	16.60
1048.11	23.50
1048.35	22.50
1048.59	24.10
1048.83	22.90
1049.07	20.90
1049.31	19.00
1049.55	3.60
1049.79	7.60
1050.03	24.20
1050.27	24.30
1050.51	22.10
1050.75	21.20
1050.99	18.20
1051.22	21.30
1051.46	24.70
1051.70	25.10
1051.94	26.20
1052.18	26.70
1052.42	24.30
1052.66	20.60
1052.90	21.70
1053.14	22.50
1053.38	23.10
1053.62	22.70
1053.86	18.30
1054.10	15.30
1054.34	9.80
1054.58	20.20
1054.81	16.70
1055.05	16.70
1055.29	26.30
1055.53	31.30
1055.77	18.50
1056.01	7.90
1056.25	12.60
1056.49	23.30
1056.73	13.20
1056.97	16.30
1057.21	18.00
1057.45	22.40
1057.69	30.80
1057.92	26.60
1058.16	20.50
1058.40	15.80
1058.64	21.70
1058.88	29.00
1059.12	26.00
1059.36	18.90
1059.60	18.90
1059.84	23.80
1060.08	17.40
1060.31	18.00
1060.55	18.90
1060.79	24.30
1061.03	14.90
1061.27	12.60
1061.51	18.30
1061.75	25.70
1061.99	25.80
1062.23	18.70
1062.47	13.90
1062.70	23.80
1062.94	21.40
1063.18	17.80
1063.42	16.50
1063.66	19.40
1063.90	23.00
1064.14	17.60
1064.38	12.90
1064.62	18.00
1064.85	13.20
1065.09	18.00
1065.33	29.70
1065.57	30.70
1065.81	26.20
1066.05	19.70
1066.29	23.90
1066.53	28.00
1066.76	23.90
1067.00	13.30
1067.24	11.80
1067.48	18.90
1067.72	21.00
1067.96	14.50
1068.20	14.90
1068.43	15.10
1068.67	13.90
1068.91	18.60
1069.15	20.30
1069.39	16.00
1069.63	17.20
1069.87	15.90
1070.11	15.70
1070.34	20.10
1070.58	19.50
1070.82	22.00
1071.06	23.50
1071.30	18.90
1071.54	17.20
1071.77	22.00
1072.01	17.10
1072.25	17.00
1072.49	12.80
1072.73	14.10
1072.97	12.70
1073.21	8.20
1073.44	14.20
1073.68	25.60
1073.92	19.20
1074.16	13.00
1074.40	9.80
1074.64	6.20
1074.87	15.30
1075.11	12.60
1075.35	20.30
1075.59	21.80
1075.83	6.50
1076.07	14.50
1076.30	20.00
1076.54	23.80
1076.78	20.00
1077.02	18.80
1077.26	18.60
1077.50	20.60
1077.73	19.30
1077.97	20.60
1078.21	19.90
1078.45	20.00
1078.69	17.80
1078.92	25.60
1079.16	22.00
1079.40	21.30
1079.64	21.40
1079.88	11.00
1080.12	19.40
1080.35	22.30
1080.59	14.10
1080.83	10.30
1081.07	10.30
1081.31	12.90
1081.54	19.90
1081.78	13.20
1082.02	17.50
1082.26	19.90
1082.50	13.30
1082.73	15.20
1082.97	11.30
1083.21	6.80
1083.45	12.80
1083.69	17.50
1083.92	12.50
1084.16	15.60
1084.40	17.50
1084.64	17.00
1084.88	15.70
1085.11	7.90
1085.35	7.80
1085.59	9.70
1085.83	14.90
1086.06	23.50
1086.30	22.60
1086.54	17.10
1086.78	19.30
1087.02	12.50
1087.25	14.10
1087.49	19.00
1087.73	12.90
1087.97	2.30
1088.20	8.00
1088.44	22.00
1088.68	16.60
1088.92	13.80
1089.16	5.60
1089.39	10.80
1089.63	9.00
1089.87	13.60
1090.11	13.30
1090.34	17.60
1090.58	13.50
1090.82	15.80
1091.06	15.30
1091.29	18.50
1091.53	8.20
1091.77	11.50
1092.01	19.50
1092.24	12.70
1092.48	11.80
1092.72	11.00
1092.96	11.50
1093.20	15.40
1093.43	4.60
1093.67	16.90
1093.91	12.30
1094.15	7.00
1094.38	18.20
1094.62	22.60
1094.86	15.30
1095.09	15.30
1095.33	15.50
1095.57	16.70
1095.81	15.00
1096.04	9.20
1096.28	10.50
1096.52	11.70
1096.76	12.20
1096.99	5.00
1097.23	17.30
1097.47	9.20
1097.71	8.80
1097.94	11.40
1098.18	10.30
1098.42	13.00
1098.65	17.50
1098.89	16.90
1099.13	14.70
1099.37	8.50
1099.60	7.90
1099.84	15.40
1100.08	18.00
1100.32	3.40
1100.55	11.20
1100.79	11.80
1101.03	14.00
1101.26	14.70
1101.50	7.20
1101.74	4.00
1101.98	16.40
1102.21	15.20
1102.45	12.10
1102.69	13.30
1102.92	16.00
1103.16	17.70
1103.40	5.10
1103.64	3.70
1103.87	8.20
1104.11	18.80
1104.35	17.50
1104.58	11.20
1104.82	-5.40
1105.06	11.30
1105.29	15.70
1105.53	19.80
1105.77	11.50
1106.00	6.50
1106.24	6.40
1106.48	13.20
1106.72	16.10
1106.95	20.20
1107.19	13.40
1107.43	8.20
1107.66	-1.00
1107.90	3.40
1108.14	9.40
1108.37	9.30
1108.61	6.30
1108.85	9.40
1109.08	15.60
1109.32	11.10
1109.56	11.70
1109.79	9.70
1110.03	11.40
1110.27	7.00
1110.50	-6.60
1110.74	3.30
1110.98	8.20
1111.21	14.80
1111.45	15.90
1111.69	13.20
1111.92	5.40
1112.16	5.40
1112.40	11.50
1112.63	14.60
1112.87	16.80
1113.11	6.60
1113.34	12.50
1113.58	12.40
1113.82	12.40
1114.05	12.80
1114.29	8.90
1114.53	12.60
1114.76	-1.10
1115.00	14.40
1115.24	13.80
1115.47	13.10
1115.71	11.00
1115.95	10.70
1116.18	9.20
1116.42	13.90
1116.66	16.40
1116.89	16.10
1117.13	12.30
1117.36	10.70
1117.60	12.50
1117.84	13.10
1118.07	9.50
1118.31	8.80
1118.55	12.90
1118.78	4.70
1119.02	5.60
1119.26	7.00
1119.49	6.60
1119.73	8.40
1119.96	2.40
1120.20	10.40
1120.44	1.10
1120.67	12.00
1120.91	16.20
1121.15	1.90
1121.38	-1.30
1121.62	10.60
