194.94	-7.20
195.21	-7.20
195.48	-7.20
195.75	4.80
196.02	-2.90
196.29	-5.70
196.56	2.40
196.83	15.80
197.10	14.30
197.37	3.40
197.64	9.30
197.91	5.20
198.18	12.90
198.45	2.60
198.72	0.10
198.99	2.40
199.26	3.50
199.53	5.60
199.80	2.00
200.07	4.00
200.34	7.10
200.61	8.50
200.87	7.20
201.14	7.00
201.41	4.10
201.68	2.40
201.95	-2.20
202.22	3.40
202.49	9.30
202.76	18.00
203.03	5.10
203.30	0.90
203.57	1.20
203.84	-2.30
204.11	6.70
204.38	6.60
204.65	7.40
204.92	18.40
205.19	9.20
205.46	3.90
205.73	1.80
206.00	-5.10
206.27	5.50
206.54	5.30
206.80	2.90
207.07	0.30
207.34	-4.60
207.61	-0.90
207.88	-2.40
208.15	2.70
208.42	12.60
208.69	3.40
208.96	9.50
209.23	6.20
209.50	2.10
209.77	-4.20
210.04	-1.70
210.31	-4.80
210.58	-3.70
210.85	3.60
211.11	0.20
211.38	-0.70
211.65	-1.90
211.92	4.50
212.19	5.60
212.46	2.20
212.73	-4.70
213.00	3.50
213.27	6.50
213.54	3.30
213.81	7.50
214.08	9.90
214.35	4.40
214.62	-0.50
214.88	0.10
215.15	-2.40
215.42	0.20
215.69	-7.80
215.96	-1.70
216.23	1.20
216.50	3.00
216.77	2.30
217.04	-1.20
217.31	-5.10
217.58	2.90
217.85	-6.50
218.12	-1.60
218.38	-2.10
218.65	1.40
218.92	3.70
219.19	0.60
219.46	-5.90
219.73	0.70
220.00	1.90
220.27	1.00
220.54	2.90
220.81	-1.50
221.08	6.30
221.34	0.40
221.61	7.30
221.88	10.50
222.15	4.10
222.42	7.20
222.69	10.10
222.96	13.80
223.23	17.70
223.50	4.00
223.77	-0.60
224.03	-1.50
224.30	-2.70
224.57	-1.00
224.84	0.40
225.11	-6.60
225.38	-0.90
225.65	1.40
225.92	3.00
226.19	2.60
226.46	1.10
226.72	-0.80
226.99	5.60
227.26	11.30
227.53	10.60
227.80	0.10
228.07	1.40
228.34	0.20
228.61	2.30
228.88	3.90
229.14	-1.40
229.41	-0.40
229.68	1.00
229.95	4.70
230.22	4.10
230.49	5.80
230.76	2.90
231.03	3.50
231.29	6.10
231.56	4.40
231.83	1.20
232.10	7.20
232.37	-4.70
232.64	-1.80
232.91	-4.00
233.18	-2.60
233.44	2.70
233.71	-1.00
233.98	2.80
234.25	2.50
234.52	3.00
234.79	-1.10
235.06	1.30
235.33	0.70
235.59	1.70
235.86	-1.90
236.13	0.30
236.40	-1.10
236.67	-2.80
236.94	3.00
237.21	-0.90
237.47	-1.90
237.74	5.30
238.01	-2.00
238.28	-1.50
238.55	0.70
238.82	8.70
239.09	0.50
239.35	-3.00
239.62	6.10
239.89	4.80
240.16	2.70
240.43	1.70
240.70	1.60
240.97	4.70
241.23	-3.30
241.50	5.00
241.77	-2.60
242.04	-3.50
242.31	3.70
242.58	1.20
242.84	-6.40
243.11	2.20
243.38	1.90
243.65	0.80
243.92	7.50
244.19	11.80
244.46	2.60
244.72	-1.00
244.99	6.40
245.26	7.50
245.53	-5.40
245.80	2.90
246.07	4.30
246.33	-1.30
246.60	-2.50
246.87	-2.90
247.14	8.40
247.41	6.10
247.68	4.70
247.94	4.20
248.21	-3.50
248.48	8.00
248.75	3.90
249.02	0.00
249.29	-2.10
249.55	3.30
249.82	1.80
250.09	-5.00
250.36	0.30
250.63	2.80
250.89	-3.30
251.16	-0.60
251.43	1.90
251.70	-1.90
251.97	-10.40
252.24	-8.20
252.50	0.90
252.77	-2.40
253.04	-0.10
253.31	1.40
253.58	-7.60
253.84	-0.90
254.11	7.10
254.38	-2.50
254.65	6.00
254.92	-1.90
255.19	4.30
255.45	-3.40
255.72	6.00
255.99	7.90
256.26	2.80
256.53	1.30
256.79	-2.00
257.06	-6.00
257.33	0.80
257.60	2.50
257.87	3.60
258.13	-1.20
258.40	5.50
258.67	-0.80
258.94	-0.30
259.21	3.80
259.47	-3.30
259.74	-9.00
260.01	-8.50
260.28	1.70
260.55	2.00
260.81	-4.90
261.08	1.30
261.35	-0.50
261.62	4.10
261.89	-0.20
262.15	5.80
262.42	-4.30
262.69	4.60
262.96	3.80
263.23	-0.30
263.49	3.90
263.76	1.40
264.03	-0.20
264.30	-3.80
264.56	-4.60
264.83	-2.80
265.10	-0.10
265.37	4.30
265.64	-1.60
265.90	-6.10
266.17	-3.10
266.44	-0.70
266.71	1.00
266.97	6.80
267.24	-1.60
267.51	-1.00
267.78	5.70
268.05	4.00
268.31	2.20
268.58	6.90
268.85	7.10
269.12	2.80
269.38	2.80
269.65	-0.30
269.92	-1.80
270.19	-5.60
270.45	5.00
270.72	4.10
270.99	1.90
271.26	-0.40
271.53	3.00
271.79	8.90
272.06	9.50
272.33	-3.70
272.60	-12.20
272.86	-6.40
273.13	4.90
273.40	6.20
273.67	-1.40
273.93	-4.00
274.20	5.90
274.47	7.30
274.74	12.40
275.00	0.20
275.27	-1.90
275.54	-8.90
275.81	1.10
276.07	0.00
276.34	2.80
276.61	5.40
276.88	-7.20
277.14	-6.50
277.41	-0.30
277.68	1.00
277.95	8.60
278.21	6.40
278.48	5.70
278.75	4.00
279.02	-0.40
279.28	4.20
279.55	4.40
279.82	9.80
280.09	14.40
280.35	-0.70
280.62	1.50
280.89	0.40
281.16	2.30
281.42	3.20
281.69	1.70
281.96	6.60
282.22	1.50
282.49	-1.80
282.76	6.00
283.03	9.70
283.29	6.10
283.56	-7.10
283.83	-1.40
284.10	1.40
284.36	7.30
284.63	-3.60
284.90	6.20
285.16	8.30
285.43	4.30
285.70	1.80
285.97	4.10
286.23	5.00
286.50	-0.90
286.77	-0.40
287.04	-0.50
287.30	7.70
287.57	7.40
287.84	8.30
288.10	-0.50
288.37	5.70
288.64	7.70
288.91	2.60
289.17	-0.90
289.44	10.70
289.71	9.50
289.97	3.50
290.24	6.80
290.51	1.30
290.78	5.60
291.04	14.10
291.31	4.00
291.58	3.30
291.84	2.30
292.11	4.40
292.38	1.50
292.64	3.50
292.91	1.00
293.18	4.00
293.45	-3.00
293.71	11.10
293.98	8.50
294.25	-1.90
294.51	3.80
294.78	-3.60
295.05	-3.20
295.31	-5.00
295.58	-3.80
295.85	-3.30
296.12	3.10
296.38	-0.30
296.65	5.70
296.92	8.00
297.18	-2.80
297.45	2.30
297.72	1.30
297.98	-0.10
298.25	-2.30
298.52	12.20
298.78	10.00
299.05	5.90
299.32	14.50
299.58	4.40
299.85	0.40
300.12	6.90
300.39	9.80
300.65	6.80
300.92	9.30
301.19	7.70
301.45	5.90
301.72	-2.40
301.99	4.00
302.25	-1.30
302.52	-0.90
302.79	3.80
303.05	3.60
303.32	5.10
303.59	4.90
303.85	-3.60
304.12	4.30
304.39	3.90
304.65	5.80
304.92	0.10
305.19	10.00
305.45	0.40
305.72	-1.90
305.99	1.00
306.25	-2.20
306.52	3.60
306.79	5.00
307.05	6.90
307.32	8.10
307.59	7.70
307.85	5.10
308.12	2.50
308.39	6.20
308.65	0.60
308.92	7.50
309.19	-0.10
309.45	8.40
309.72	2.00
309.98	2.40
310.25	7.20
310.52	6.20
310.78	4.60
311.05	-0.20
311.32	-0.60
311.58	-5.30
311.85	-2.20
312.12	-1.60
312.38	6.20
312.65	-2.10
312.92	4.90
313.18	10.40
313.45	-2.00
313.72	-1.40
313.98	3.00
314.25	0.50
314.51	5.10
314.78	13.60
315.05	7.90
315.31	7.50
315.58	-0.40
315.85	2.10
316.11	2.30
316.38	-5.50
316.65	-13.90
316.91	-0.30
317.18	2.10
317.44	-5.60
317.71	-2.90
317.98	7.30
318.24	1.70
318.51	-4.80
318.78	4.90
319.04	2.90
319.31	-0.50
319.57	7.10
319.84	-3.10
320.11	2.70
320.37	-2.70
320.64	0.50
320.91	7.20
321.17	6.00
321.44	2.80
321.70	2.80
321.97	13.80
322.24	6.80
322.50	-3.30
322.77	-2.90
323.03	1.10
323.30	0.20
323.57	6.90
323.83	7.90
324.10	3.60
324.37	6.80
324.63	9.10
324.90	-1.10
325.16	5.20
325.43	10.40
325.70	10.90
325.96	10.00
326.23	7.80
326.49	12.10
326.76	-1.50
327.03	-0.10
327.29	-2.60
327.56	2.70
327.82	-5.20
328.09	-4.70
328.36	7.50
328.62	6.70
328.89	-2.70
329.15	0.20
329.42	7.80
329.69	7.50
329.95	2.00
330.22	1.40
330.48	8.80
330.75	6.70
331.02	-3.40
331.28	3.40
331.55	0.20
331.81	-2.00
332.08	1.20
332.34	12.70
332.61	10.30
332.88	11.60
333.14	-1.60
333.41	2.00
333.67	-1.00
333.94	-6.00
334.21	4.60
334.47	6.50
334.74	1.00
335.00	-0.60
335.27	1.00
335.53	4.20
335.80	4.40
336.07	0.90
336.33	1.90
336.60	-1.30
336.86	-4.90
337.13	-1.30
337.39	3.00
337.66	1.90
337.93	-2.40
338.19	5.80
338.46	1.80
338.72	2.00
338.99	3.20
339.25	-0.60
339.52	-4.50
339.79	4.90
340.05	2.60
340.32	1.40
340.58	4.20
340.85	12.30
341.11	6.20
341.38	7.30
341.65	3.50
341.91	13.30
342.18	0.70
342.44	4.30
342.71	0.60
342.97	-1.20
343.24	0.00
343.50	-3.70
343.77	-4.70
344.03	0.90
344.30	-4.50
344.57	5.10
344.83	-1.60
345.10	1.90
345.36	5.80
345.63	-1.70
345.89	2.00
346.16	-3.00
346.42	-1.80
346.69	3.40
346.96	2.10
347.22	8.00
347.49	-3.30
347.75	0.70
348.02	1.50
348.28	-5.70
348.55	5.10
348.81	-1.20
349.08	-1.10
349.34	1.90
349.61	-0.60
349.87	10.80
350.14	2.30
350.40	5.50
350.67	-4.50
350.94	-0.10
351.20	2.60
351.47	-5.20
351.73	-6.70
352.00	10.10
352.26	3.80
352.53	4.50
352.79	4.90
353.06	3.30
353.32	4.70
353.59	1.50
353.85	5.40
354.12	8.70
354.38	-4.50
354.65	6.00
354.91	7.50
355.18	-0.60
355.44	5.30
355.71	0.80
355.97	-2.40
356.24	4.90
356.51	3.10
356.77	10.80
357.04	0.80
357.30	1.70
357.57	-6.10
357.83	-0.50
358.10	-0.60
358.36	-5.40
358.63	-7.30
358.89	-3.50
359.16	13.00
359.42	3.00
359.69	4.10
359.95	9.00
360.22	5.20
360.48	-0.70
360.75	4.90
361.01	1.70
361.28	0.10
361.54	0.10
361.81	2.50
362.07	3.80
362.34	1.70
362.60	5.40
362.87	4.80
363.13	6.80
363.40	3.30
363.66	4.40
363.93	8.40
364.19	-2.40
364.46	-3.90
364.72	-1.80
364.99	-1.20
365.25	3.10
365.52	4.00
365.78	5.80
366.04	0.10
366.31	14.70
366.57	8.20
366.84	3.60
367.10	2.40
367.37	4.30
367.63	11.60
367.90	5.90
368.16	8.30
368.43	-0.20
368.69	4.20
368.96	-1.70
369.22	5.50
369.49	4.40
369.75	0.50
370.02	7.00
370.28	2.00
370.55	8.00
370.81	4.70
371.08	9.80
371.34	9.60
371.60	5.90
371.87	-5.50
372.13	-4.10
372.40	1.60
372.66	11.40
372.93	3.80
373.19	1.50
373.46	2.60
373.72	1.40
373.99	2.00
374.25	-4.80
374.52	-3.10
374.78	13.30
375.04	7.80
375.31	3.10
375.57	7.30
375.84	3.20
376.10	-1.70
376.37	-0.90
376.63	-6.20
376.90	5.10
377.16	8.10
377.43	8.70
377.69	2.90
377.95	-3.60
378.22	1.90
378.48	3.60
378.75	5.30
379.01	6.70
379.28	6.20
379.54	5.50
379.81	10.80
380.07	4.50
380.33	-0.60
380.60	-6.30
380.86	5.30
381.13	5.80
381.39	0.70
381.66	-3.20
381.92	5.60
382.19	13.10
382.45	6.60
382.71	11.40
382.98	9.50
383.24	9.70
383.51	1.10
383.77	6.90
384.04	9.10
384.30	0.80
384.56	0.50
384.83	-1.30
385.09	6.00
385.36	11.60
385.62	-0.70
385.89	2.80
386.15	-0.40
386.41	1.10
386.68	3.30
386.94	-0.40
387.21	-1.60
387.47	0.40
387.74	-0.40
388.00	3.30
388.26	7.70
388.53	14.60
388.79	8.80
389.06	6.00
389.32	13.20
389.58	2.70
389.85	1.30
390.11	5.10
390.38	2.10
390.64	2.90
390.90	10.50
391.17	-0.50
391.43	4.40
391.70	4.70
391.96	13.50
392.23	4.90
392.49	7.40
392.75	0.50
393.02	-0.10
393.28	4.80
393.55	3.40
393.81	-1.80
394.07	-1.30
394.34	9.10
394.60	9.60
394.87	14.60
395.13	5.90
395.39	9.40
395.66	1.80
395.92	-4.80
396.18	-3.00
396.45	3.90
396.71	5.70
396.98	7.10
397.24	-3.60
397.50	0.40
397.77	3.50
398.03	7.90
398.30	1.10
398.56	1.00
398.82	6.70
399.09	16.90
399.35	3.80
399.62	6.50
399.88	8.50
400.14	11.00
400.41	7.30
400.67	3.30
400.93	5.60
401.20	6.30
401.46	5.60
401.73	6.70
401.99	8.90
402.25	7.20
402.52	2.30
402.78	5.60
403.04	9.20
403.31	4.40
403.57	4.90
403.84	13.80
404.10	18.30
404.36	45.10
404.63	6.30
404.89	6.40
405.15	-0.90
405.42	10.80
405.68	9.20
405.94	13.10
406.21	13.90
406.47	7.30
406.74	8.50
407.00	12.50
407.26	5.00
407.53	-1.80
407.79	1.40
408.05	7.00
408.32	8.20
408.58	4.70
408.84	7.70
409.11	12.00
409.37	5.20
409.63	2.20
409.90	-2.20
410.16	4.60
410.42	4.80
410.69	5.50
410.95	-1.70
411.22	-1.30
411.48	13.10
411.74	12.00
412.01	11.80
412.27	16.30
412.53	7.50
412.80	5.50
413.06	9.70
413.32	5.30
413.59	6.70
413.85	6.80
414.11	0.90
414.38	11.40
414.64	14.80
414.90	10.70
415.17	10.50
415.43	8.00
415.69	5.60
415.96	10.00
416.22	13.40
416.48	12.10
416.75	8.50
417.01	-5.20
417.27	2.00
417.54	19.70
417.80	19.70
418.06	20.40
418.33	14.00
418.59	12.10
418.85	6.90
419.12	13.60
419.38	11.60
419.64	13.40
419.91	11.00
420.17	5.90
420.43	15.30
420.69	11.30
420.96	7.40
421.22	12.70
421.48	10.80
421.75	10.20
422.01	8.10
422.27	12.30
422.54	16.00
422.80	12.50
423.06	5.80
423.33	11.10
423.59	7.30
423.85	13.30
424.11	8.50
424.38	6.20
424.64	15.40
424.90	6.60
425.17	13.70
425.43	18.20
425.69	15.70
425.96	3.60
426.22	13.60
426.48	8.80
426.75	14.20
427.01	9.40
427.27	14.70
427.53	18.60
427.80	15.40
428.06	13.70
428.32	17.40
428.59	23.30
428.85	19.10
429.11	16.90
429.37	15.70
429.64	19.20
429.90	19.30
430.16	17.40
430.43	15.50
430.69	15.90
430.95	14.70
431.21	19.50
431.48	30.70
431.74	20.80
432.00	10.20
432.27	2.20
432.53	4.30
432.79	16.50
433.05	20.90
433.32	13.70
433.58	20.00
433.84	29.50
434.11	14.60
434.37	6.30
434.63	9.80
434.89	16.70
435.16	15.30
435.42	13.90
435.68	14.30
435.94	18.90
436.21	16.60
436.47	20.10
436.73	24.00
436.99	11.80
437.26	14.90
437.52	19.10
437.78	14.90
438.05	13.00
438.31	16.00
438.57	12.50
438.83	13.40
439.10	24.20
439.36	18.80
439.62	19.70
439.88	20.80
440.15	20.50
440.41	18.10
440.67	25.80
440.93	20.00
441.20	27.30
441.46	23.70
441.72	16.30
441.98	24.30
442.25	15.20
442.51	10.50
442.77	12.30
443.03	17.70
443.30	27.20
443.56	14.60
443.82	25.20
444.08	20.80
444.35	24.80
444.61	29.00
444.87	24.20
445.13	20.00
445.40	30.80
445.66	34.00
445.92	24.10
446.18	19.90
446.44	27.40
446.71	23.60
446.97	26.70
447.23	26.90
447.49	32.40
447.76	34.20
448.02	32.20
448.28	25.90
448.54	24.00
448.81	27.50
449.07	28.00
449.33	30.70
449.59	25.30
449.85	29.70
450.12	29.60
450.38	27.30
450.64	27.20
450.90	35.70
451.17	29.80
451.43	35.10
451.69	22.60
451.95	26.90
452.21	29.00
452.48	33.50
452.74	39.10
453.00	36.90
453.26	31.00
453.53	34.70
453.79	35.40
454.05	33.80
454.31	34.90
454.57	31.50
454.84	37.70
455.10	37.70
455.36	27.70
455.62	35.20
455.88	30.80
456.15	30.60
456.41	35.80
456.67	34.60
456.93	35.00
457.19	30.20
457.46	35.00
457.72	34.80
457.98	30.10
458.24	37.80
458.50	39.60
458.77	33.10
459.03	34.70
459.29	25.50
459.55	31.80
459.81	33.30
460.08	44.20
460.34	36.70
460.60	38.90
460.86	43.60
461.12	42.50
461.39	43.70
461.65	36.70
461.91	33.60
462.17	30.60
462.43	29.80
462.69	32.00
462.96	37.70
463.22	40.80
463.48	31.20
463.74	42.50
464.00	40.80
464.27	42.70
464.53	46.90
464.79	47.30
465.05	51.00
465.31	50.60
465.57	46.70
465.84	38.60
466.10	45.80
466.36	46.00
466.62	45.20
466.88	49.40
467.14	41.80
467.41	35.10
467.67	45.50
467.93	48.40
468.19	42.30
468.45	47.50
468.71	54.50
468.98	55.10
469.24	53.10
469.50	56.40
469.76	54.70
470.02	52.10
470.28	51.30
470.55	53.80
470.81	58.60
471.07	48.20
471.33	49.30
471.59	56.90
471.85	57.00
472.11	55.80
472.38	57.30
472.64	54.70
472.90	61.80
473.16	55.70
473.42	56.10
473.68	61.10
473.95	64.40
474.21	63.20
474.47	71.30
474.73	69.80
474.99	66.40
475.25	68.20
475.51	66.60
475.78	70.30
476.04	78.30
476.30	68.10
476.56	75.50
476.82	73.50
477.08	68.10
477.34	74.00
477.61	73.80
477.87	79.00
478.13	77.20
478.39	76.80
478.65	71.30
478.91	71.90
479.17	73.60
479.43	86.90
479.70	82.50
479.96	78.00
480.22	69.80
480.48	72.90
480.74	73.60
481.00	78.70
481.26	78.50
481.52	77.30
481.79	77.00
482.05	86.40
482.31	79.80
482.57	82.40
482.83	73.00
483.09	81.50
483.35	92.10
483.61	83.30
483.88	79.30
484.14	80.20
484.40	85.70
484.66	69.90
484.92	68.50
485.18	88.70
485.44	89.30
485.70	80.30
485.96	88.50
486.23	94.60
486.49	85.50
486.75	85.30
487.01	88.60
487.27	93.10
487.53	91.70
487.79	90.00
488.05	85.30
488.31	88.80
488.57	84.50
488.84	83.10
489.10	87.80
489.36	90.90
489.62	89.30
489.88	93.20
490.14	92.50
490.40	86.80
490.66	96.20
490.92	94.40
491.18	93.20
491.44	91.70
491.71	109.20
491.97	100.30
492.23	101.90
492.49	101.10
492.75	99.30
493.01	104.60
493.27	101.10
493.53	111.10
493.79	109.20
494.05	106.00
494.31	102.00
494.58	102.70
494.84	119.50
495.10	121.10
495.36	106.40
495.62	118.70
495.88	116.00
496.14	112.60
496.40	119.10
496.66	138.40
496.92	122.90
497.18	131.00
497.44	125.80
497.70	128.30
497.96	125.00
498.23	132.50
498.49	127.80
498.75	130.40
499.01	140.00
499.27	126.10
499.53	133.00
499.79	141.70
500.05	140.10
500.31	148.10
500.57	143.80
500.83	147.90
501.09	142.90
501.35	135.80
501.61	145.70
501.87	150.30
502.13	149.50
502.40	140.50
502.66	148.20
502.92	153.80
503.18	152.20
503.44	148.40
503.70	150.30
503.96	150.40
504.22	159.00
504.48	155.70
504.74	157.90
505.00	166.10
505.26	167.40
505.52	171.00
505.78	164.40
506.04	167.00
506.30	156.90
506.56	157.30
506.82	161.30
507.08	166.90
507.34	170.30
507.60	169.90
507.86	166.20
508.13	176.00
508.39	161.50
508.65	164.70
508.91	163.40
509.17	165.80
509.43	175.40
509.69	164.30
509.95	170.50
510.21	177.70
510.47	173.10
510.73	178.80
510.99	180.50
511.25	180.40
511.51	173.80
511.77	168.60
512.03	167.00
512.29	168.20
512.55	173.60
512.81	168.80
513.07	170.70
513.33	177.00
513.59	177.30
513.85	167.50
514.11	172.80
514.37	180.60
514.63	178.50
514.89	177.50
515.15	173.00
515.41	175.70
515.67	174.50
515.93	182.20
516.19	182.90
516.45	169.90
516.71	175.90
516.97	180.30
517.23	183.80
517.49	191.70
517.75	196.70
518.01	187.60
518.27	175.10
518.53	170.30
518.79	179.00
519.05	187.60
519.31	184.90
519.57	189.60
519.83	191.30
520.09	198.10
520.35	188.50
520.61	183.90
520.87	186.50
521.13	186.00
521.39	194.30
521.65	198.70
521.91	197.50
522.17	205.20
522.43	198.20
522.69	195.30
522.95	204.40
523.21	204.10
523.47	206.40
523.73	208.90
523.99	217.00
524.25	221.90
524.51	223.00
524.77	223.20
525.03	224.10
525.29	230.50
525.55	226.90
525.81	223.70
526.07	236.60
526.33	231.80
526.59	235.00
526.85	236.00
527.11	238.70
527.37	238.10
527.63	237.50
527.89	246.70
528.15	248.90
528.41	243.10
528.67	255.80
528.93	259.60
529.19	264.50
529.45	265.10
529.71	266.00
529.96	261.10
530.22	259.60
530.48	275.80
530.74	279.90
531.00	273.60
531.26	271.70
531.52	280.20
531.78	287.20
532.04	300.10
532.30	283.50
532.56	291.80
532.82	288.20
533.08	295.30
533.34	298.50
533.60	303.30
533.86	303.50
534.12	304.10
534.38	299.40
534.64	305.90
534.90	309.10
535.16	310.90
535.42	315.20
535.67	319.90
535.93	319.20
536.19	320.00
536.45	318.60
536.71	321.20
536.97	326.70
537.23	333.30
537.49	324.90
537.75	321.10
538.01	333.90
538.27	336.50
538.53	332.90
538.79	341.00
539.05	334.40
539.31	335.00
539.57	339.40
539.82	338.60
540.08	329.70
540.34	323.90
540.60	337.40
540.86	339.10
541.12	340.90
541.38	346.60
541.64	346.50
541.90	337.10
542.16	337.30
542.42	339.00
542.68	342.20
542.94	347.70
543.19	348.40
543.45	347.80
543.71	345.70
543.97	345.00
544.23	336.60
544.49	340.60
544.75	336.70
545.01	340.20
545.27	340.60
545.53	340.30
545.79	347.40
546.05	339.90
546.30	331.80
546.56	329.30
546.82	345.80
547.08	350.70
547.34	348.50
547.60	346.90
547.86	349.70
548.12	350.50
548.38	343.70
548.64	345.90
548.89	352.40
549.15	350.00
549.41	353.20
549.67	354.40
549.93	350.50
550.19	348.30
550.45	353.90
550.71	352.80
550.97	357.50
551.23	363.70
551.48	363.40
551.74	360.60
552.00	361.70
552.26	366.30
552.52	367.80
552.78	368.00
553.04	361.40
553.30	375.70
553.56	372.20
553.81	375.10
554.07	375.50
554.33	372.80
554.59	380.00
554.85	372.90
555.11	377.00
555.37	385.20
555.63	382.80
555.88	380.90
556.14	382.80
556.40	386.70
556.66	388.10
556.92	392.20
557.18	404.20
557.44	409.40
557.70	402.50
557.95	408.70
558.21	412.10
558.47	407.40
558.73	404.70
558.99	404.20
559.25	418.50
559.51	424.10
559.76	431.70
560.02	426.60
560.28	423.50
560.54	428.50
560.80	441.70
561.06	451.70
561.32	446.00
561.58	451.90
561.83	455.90
562.09	461.10
562.35	461.90
562.61	464.40
562.87	468.90
563.13	474.70
563.38	468.20
563.64	479.60
563.90	488.90
564.16	490.40
564.42	484.10
564.68	488.20
564.94	499.00
565.19	493.50
565.45	498.50
565.71	503.70
565.97	512.00
566.23	512.50
566.49	513.80
566.74	516.80
567.00	524.10
567.26	534.30
567.52	532.70
567.78	538.10
568.04	549.30
568.29	545.20
568.55	542.50
568.81	562.20
569.07	557.00
569.33	566.90
569.59	565.90
569.84	566.00
570.10	582.40
570.36	569.90
570.62	578.00
570.88	582.70
571.14	579.20
571.39	592.50
571.65	602.90
571.91	596.90
572.17	597.70
572.43	597.00
572.69	608.10
572.94	612.70
573.20	614.10
573.46	612.70
573.72	616.20
573.98	617.90
574.23	621.00
574.49	607.70
574.75	617.80
575.01	623.40
575.27	626.50
575.53	633.50
575.78	639.70
576.04	628.80
576.30	629.70
576.56	631.30
576.82	629.60
577.07	624.60
577.33	626.10
577.59	636.10
577.85	652.50
578.11	636.00
578.36	634.20
578.62	633.40
578.88	640.20
579.14	647.40
579.40	647.80
579.65	639.70
579.91	638.10
580.17	643.00
580.43	632.40
580.69	635.70
580.94	636.10
581.20	635.80
581.46	640.80
581.72	641.20
581.97	645.60
582.23	641.80
582.49	636.70
582.75	639.80
583.01	638.10
583.26	644.30
583.52	646.50
583.78	649.60
584.04	646.20
584.30	641.20
584.55	641.80
584.81	639.40
585.07	640.50
585.33	641.20
585.58	645.90
585.84	637.10
586.10	637.90
586.36	631.20
586.61	635.10
586.87	637.80
587.13	648.50
587.39	649.60
587.65	649.80
587.90	656.70
588.16	640.40
588.42	644.70
588.68	654.00
588.93	652.70
589.19	654.60
589.45	659.90
589.71	657.20
589.96	661.40
590.22	663.80
590.48	662.10
590.74	652.50
590.99	662.90
591.25	663.00
591.51	663.30
591.77	660.10
592.02	656.20
592.28	666.90
592.54	673.50
592.80	683.10
593.05	690.30
593.31	682.50
593.57	689.50
593.83	695.10
594.08	696.00
594.34	683.70
594.60	685.30
594.86	699.30
595.11	691.10
595.37	694.70
595.63	701.40
595.89	709.10
596.14	712.10
596.40	715.60
596.66	711.20
596.92	715.20
597.17	716.70
597.43	719.00
597.69	738.10
597.95	743.70
598.20	734.70
598.46	747.80
598.72	744.90
598.97	738.00
599.23	755.20
599.49	762.80
599.75	763.40
600.00	773.20
600.26	786.60
600.52	780.00
600.78	784.60
601.03	792.60
601.29	790.00
601.55	798.10
601.80	796.90
602.06	812.60
602.32	809.20
602.58	819.10
602.83	826.40
603.09	838.40
603.35	843.00
603.60	849.90
603.86	853.50
604.12	854.90
604.38	854.50
604.63	868.40
604.89	856.70
605.15	861.50
605.40	888.10
605.66	888.50
605.92	882.40
606.18	883.40
606.43	890.80
606.69	909.80
606.95	912.10
607.20	918.40
607.46	927.50
607.72	933.60
607.97	935.60
608.23	939.70
608.49	943.60
608.75	939.40
609.00	958.30
609.26	960.50
609.52	971.50
609.77	983.50
610.03	977.30
610.29	970.90
610.54	982.30
610.80	986.00
611.06	989.70
611.31	1000.30
611.57	1005.60
611.83	999.80
612.08	1021.20
612.34	1018.50
612.60	1012.30
612.86	1026.70
613.11	1023.30
613.37	1041.50
613.63	1052.30
613.88	1052.40
614.14	1050.80
614.40	1046.50
614.65	1069.50
614.91	1066.10
615.17	1056.70
615.42	1050.30
615.68	1056.80
615.94	1080.60
616.19	1086.10
616.45	1082.10
616.71	1090.30
616.96	1083.80
617.22	1088.40
617.48	1086.30
617.73	1097.70
617.99	1094.80
618.25	1084.90
618.50	1092.60
618.76	1114.00
619.02	1096.80
619.27	1098.10
619.53	1095.40
619.79	1110.30
620.04	1114.30
620.30	1095.80
620.56	1099.40
620.81	1097.10
621.07	1100.60
621.32	1118.10
621.58	1116.70
621.84	1106.50
622.09	1111.50
622.35	1111.60
622.61	1096.00
622.86	1105.80
623.12	1115.20
623.38	1101.60
623.63	1112.30
623.89	1106.50
624.15	1101.30
624.40	1107.20
624.66	1117.30
624.92	1103.20
625.17	1093.50
625.43	1086.60
625.68	1091.70
625.94	1109.90
626.20	1103.30
626.45	1101.50
626.71	1109.90
626.97	1101.10
627.22	1093.00
627.48	1084.40
627.73	1086.80
627.99	1113.90
628.25	1103.30
628.50	1093.20
628.76	1086.90
629.02	1077.00
629.27	1077.70
629.53	1088.40
629.78	1097.40
630.04	1096.10
630.30	1081.00
630.55	1088.00
630.81	1082.90
631.07	1090.10
631.32	1084.30
631.58	1085.10
631.83	1086.00
632.09	1081.70
632.35	1092.60
632.60	1089.20
632.86	1083.80
633.11	1078.10
633.37	1076.40
633.63	1067.80
633.88	1091.00
634.14	1100.80
634.40	1095.90
634.65	1101.30
634.91	1093.10
635.16	1100.90
635.42	1089.30
635.68	1080.20
635.93	1089.40
636.19	1098.60
636.44	1091.50
636.70	1089.50
636.96	1090.70
637.21	1096.70
637.47	1088.30
637.72	1104.50
637.98	1108.90
638.23	1104.50
638.49	1105.60
638.75	1099.70
639.00	1109.00
639.26	1114.80
639.51	1126.40
639.77	1126.40
640.03	1135.20
640.28	1128.50
640.54	1138.40
640.79	1136.20
641.05	1142.20
641.30	1136.00
641.56	1135.00
641.82	1140.30
642.07	1148.10
642.33	1160.60
642.58	1149.50
642.84	1147.30
643.10	1153.70
643.35	1160.90
643.61	1167.40
643.86	1179.00
644.12	1175.40
644.37	1187.90
644.63	1193.00
644.89	1184.50
645.14	1195.60
645.40	1201.60
645.65	1207.20
645.91	1204.50
646.16	1195.40
646.42	1213.60
646.67	1224.30
646.93	1232.70
647.19	1231.60
647.44	1233.80
647.70	1239.00
647.95	1241.40
648.21	1257.10
648.46	1258.70
648.72	1263.00
648.97	1266.80
649.23	1274.90
649.49	1291.00
649.74	1297.30
650.00	1305.40
650.25	1293.10
650.51	1292.70
650.76	1315.40
651.02	1307.90
651.27	1324.40
651.53	1330.30
651.79	1328.90
652.04	1335.10
652.30	1348.70
652.55	1342.50
652.81	1353.10
653.06	1369.60
653.32	1366.40
653.57	1363.00
653.83	1376.90
654.08	1390.20
654.34	1412.70
654.59	1398.10
654.85	1382.00
655.10	1387.90
655.36	1415.70
655.62	1430.60
655.87	1419.40
656.13	1428.90
656.38	1434.30
656.64	1455.00
656.89	1454.90
657.15	1447.40
657.40	1464.70
657.66	1477.70
657.91	1485.10
658.17	1479.80
658.42	1499.90
658.68	1505.20
658.93	1496.00
659.19	1505.20
659.44	1510.70
659.70	1512.60
659.95	1525.80
660.21	1528.70
660.46	1551.10
660.72	1559.00
660.97	1553.30
661.23	1539.50
661.48	1561.10
661.74	1562.40
661.99	1571.90
662.25	1576.50
662.51	1587.30
662.76	1579.20
663.02	1588.70
663.27	1586.60
663.53	1597.70
663.78	1611.40
664.04	1602.70
664.29	1602.00
664.55	1595.70
664.80	1584.40
665.06	1606.20
665.31	1611.20
665.56	1606.00
665.82	1619.70
666.07	1614.70
666.33	1612.30
666.58	1622.30
666.84	1634.80
667.09	1625.70
667.35	1617.60
667.60	1624.00
667.86	1638.30
668.11	1629.10
668.37	1621.70
668.62	1622.70
668.88	1628.60
669.13	1627.80
669.39	1625.20
669.64	1613.50
669.90	1616.60
670.15	1634.20
670.41	1628.20
670.66	1619.60
670.92	1625.00
671.17	1626.20
671.43	1624.40
671.68	1623.10
671.94	1613.70
672.19	1601.60
672.44	1615.20
672.70	1623.90
672.95	1622.00
673.21	1597.70
673.46	1606.90
673.72	1599.30
673.97	1607.80
674.23	1589.70
674.48	1597.70
674.74	1594.80
674.99	1595.80
675.25	1576.80
675.50	1578.80
675.75	1587.50
676.01	1574.10
676.26	1584.70
676.52	1573.60
676.77	1569.80
677.03	1571.50
677.28	1569.90
677.54	1576.60
677.79	1560.70
678.05	1566.30
678.30	1560.30
678.55	1554.40
678.81	1559.40
679.06	1560.80
679.32	1556.20
679.57	1560.20
679.83	1551.40
680.08	1548.30
680.34	1544.40
680.59	1538.30
680.84	1542.70
681.10	1545.70
681.35	1535.70
681.61	1522.10
681.86	1532.80
682.12	1526.30
682.37	1532.20
682.62	1526.80
682.88	1529.00
683.13	1546.70
683.39	1533.60
683.64	1516.20
683.90	1508.60
684.15	1518.50
684.40	1509.30
684.66	1509.40
684.91	1519.10
685.17	1521.10
685.42	1502.70
685.68	1509.00
685.93	1522.60
686.18	1502.20
686.44	1507.50
686.69	1510.20
686.95	1498.90
687.20	1513.00
687.46	1521.10
687.71	1513.50
687.96	1513.90
688.22	1511.80
688.47	1504.50
688.73	1510.50
688.98	1514.50
689.23	1513.50
689.49	1511.20
689.74	1511.60
690.00	1511.40
690.25	1516.50
690.50	1522.30
690.76	1514.90
691.01	1503.80
691.27	1509.90
691.52	1525.70
691.77	1519.80
692.03	1519.30
692.28	1519.80
692.54	1511.00
692.79	1503.20
693.04	1514.60
693.30	1522.30
693.55	1515.40
693.81	1509.60
694.06	1518.60
694.31	1526.10
694.57	1538.60
694.82	1553.00
695.08	1554.00
695.33	1548.60
695.58	1544.10
695.84	1550.60
696.09	1563.60
696.34	1568.10
696.60	1575.50
696.85	1580.50
697.11	1577.00
697.36	1583.70
697.61	1583.30
697.87	1579.70
698.12	1583.90
698.37	1590.20
698.63	1600.20
698.88	1611.20
699.14	1609.80
699.39	1609.70
699.64	1618.00
699.90	1613.00
700.15	1622.60
700.40	1626.00
700.66	1615.70
700.91	1628.10
701.17	1642.90
701.42	1635.50
701.67	1636.70
701.93	1632.20
702.18	1652.50
702.43	1661.40
702.69	1671.50
702.94	1664.40
703.19	1664.30
703.45	1679.60
703.70	1682.00
703.95	1683.40
704.21	1688.50
704.46	1696.10
704.72	1717.00
704.97	1726.60
705.22	1725.70
705.48	1716.70
705.73	1726.90
705.98	1738.80
706.24	1728.30
706.49	1745.90
706.74	1739.00
707.00	1738.70
707.25	1737.80
707.50	1749.20
707.76	1754.30
708.01	1762.60
708.26	1768.40
708.52	1784.90
708.77	1782.10
709.02	1779.00
709.28	1790.50
709.53	1778.80
709.78	1815.80
710.04	1824.30
710.29	1833.80
710.54	1843.50
710.80	1844.70
711.05	1850.60
711.30	1868.80
711.56	1875.60
711.81	1882.50
712.06	1885.70
712.32	1873.50
712.57	1884.90
712.82	1887.90
713.08	1896.50
713.33	1903.90
713.58	1907.50
713.84	1918.90
714.09	1921.80
714.34	1926.20
714.59	1927.70
714.85	1931.80
715.10	1946.20
715.35	1944.10
715.61	1937.10
715.86	1964.70
716.11	1962.40
716.37	1946.00
716.62	1974.40
716.87	1986.50
717.13	1972.30
717.38	1974.90
717.63	1981.30
717.89	1973.00
718.14	1969.80
718.39	1988.70
718.64	1996.60
718.90	1991.90
719.15	2022.50
719.40	2022.70
719.66	2003.90
719.91	2007.70
720.16	2015.10
720.41	1996.20
720.67	2023.00
720.92	2014.70
721.17	2008.50
721.43	2009.40
721.68	2013.00
721.93	2015.40
722.19	2017.10
722.44	2028.20
722.69	2042.40
722.94	2022.40
723.20	2034.00
723.45	2030.60
723.70	2018.50
723.95	2026.90
724.21	2039.40
724.46	2038.40
724.71	2027.80
724.97	2007.60
725.22	2021.30
725.47	2021.60
725.72	2030.70
725.98	2009.90
726.23	2022.10
726.48	2013.20
726.74	2022.80
726.99	2019.10
727.24	2028.80
727.49	2013.60
727.75	2005.00
728.00	2000.00
728.25	1999.80
728.50	1982.70
728.76	1990.30
729.01	1984.50
729.26	1979.70
729.51	1986.90
729.77	1991.70
730.02	1985.00
730.27	1970.90
730.52	1970.90
730.78	1968.00
731.03	1971.10
731.28	1951.10
731.53	1940.10
731.79	1959.60
732.04	1937.80
732.29	1923.10
732.54	1926.70
732.80	1917.20
733.05	1904.40
733.30	1911.50
733.55	1916.20
733.81	1906.30
734.06	1903.40
734.31	1893.80
734.56	1874.50
734.82	1876.60
735.07	1868.00
735.32	1872.50
735.57	1868.50
735.83	1869.50
736.08	1862.40
736.33	1863.20
736.58	1855.70
736.84	1837.90
737.09	1840.00
737.34	1844.50
737.59	1833.50
737.84	1831.10
738.10	1827.20
738.35	1833.10
738.60	1813.10
738.85	1807.70
739.11	1789.70
739.36	1811.80
739.61	1812.00
739.86	1792.10
740.11	1793.20
740.37	1798.80
740.62	1785.30
740.87	1789.90
741.12	1797.00
741.38	1768.90
741.63	1774.70
741.88	1766.50
742.13	1772.90
742.38	1769.90
742.64	1769.90
742.89	1779.70
743.14	1774.10
743.39	1754.20
743.64	1767.70
743.90	1761.30
744.15	1755.10
744.40	1748.50
744.65	1747.90
744.90	1756.90
745.16	1737.50
745.41	1732.30
745.66	1726.10
745.91	1734.80
746.16	1752.30
746.42	1732.10
746.67	1741.10
746.92	1729.50
747.17	1718.80
747.42	1726.10
747.68	1717.10
747.93	1719.30
748.18	1719.20
748.43	1720.30
748.68	1722.50
748.94	1712.00
749.19	1707.30
749.44	1699.10
749.69	1704.90
749.94	1712.80
750.19	1716.80
750.45	1702.30
750.70	1695.30
750.95	1702.20
751.20	1697.00
751.45	1705.60
751.71	1693.90
751.96	1700.60
752.21	1715.50
752.46	1714.20
752.71	1711.20
752.96	1705.00
753.22	1711.00
753.47	1712.80
753.72	1713.20
753.97	1716.20
754.22	1719.10
754.47	1704.00
754.73	1690.60
754.98	1703.50
755.23	1697.60
755.48	1701.30
755.73	1698.60
755.98	1688.50
756.24	1693.10
756.49	1698.90
756.74	1689.70
756.99	1691.00
757.24	1697.30
757.49	1707.60
757.74	1710.80
758.00	1711.00
758.25	1698.10
758.50	1684.20
758.75	1702.20
759.00	1719.20
759.25	1711.00
759.51	1685.60
759.76	1690.60
760.01	1702.00
760.26	1714.10
760.51	1703.40
760.76	1711.10
761.01	1718.60
761.27	1709.10
761.52	1709.10
761.77	1707.30
762.02	1698.50
762.27	1708.50
762.52	1720.40
762.77	1729.90
763.02	1739.30
763.28	1736.10
763.53	1722.80
763.78	1739.70
764.03	1743.00
764.28	1737.30
764.53	1731.60
764.78	1740.50
765.03	1735.70
765.29	1728.50
765.54	1752.10
765.79	1761.00
766.04	1765.40
766.29	1763.20
766.54	1760.00
766.79	1768.40
767.04	1767.10
767.30	1777.10
767.55	1776.60
767.80	1774.90
768.05	1790.20
768.30	1789.70
768.55	1802.40
768.80	1801.50
769.05	1803.30
769.30	1811.40
769.56	1804.50
769.81	1820.60
770.06	1818.30
770.31	1810.00
770.56	1824.00
770.81	1825.50
771.06	1823.70
771.31	1834.00
771.56	1838.10
771.82	1853.60
772.07	1855.90
772.32	1865.00
772.57	1866.80
772.82	1853.30
773.07	1869.80
773.32	1867.40
773.57	1865.10
773.82	1879.80
774.07	1883.40
774.32	1872.20
774.58	1878.60
774.83	1908.30
775.08	1900.00
775.33	1898.80
775.58	1909.80
775.83	1917.30
776.08	1912.20
776.33	1907.80
776.58	1909.80
776.83	1919.00
777.08	1924.10
777.33	1925.70
777.59	1929.50
777.84	1937.10
778.09	1928.20
778.34	1946.10
778.59	1948.40
778.84	1960.80
779.09	1960.40
779.34	1951.10
779.59	1971.40
779.84	1973.40
780.09	1977.30
780.34	1970.30
780.59	1960.00
780.84	1967.10
781.10	1981.90
781.35	1974.80
781.60	1984.80
781.85	1996.20
782.10	1985.60
782.35	1979.60
782.60	1986.60
782.85	1980.00
783.10	1987.50
783.35	1988.10
783.60	1982.80
783.85	2004.50
784.10	2020.30
784.35	2009.40
784.60	1995.20
784.85	2002.00
785.10	1985.30
785.35	2010.10
785.61	2008.20
785.86	2002.60
786.11	2024.00
786.36	2017.60
786.61	2022.20
786.86	2017.70
787.11	2021.40
787.36	2005.70
787.61	2007.80
787.86	2005.60
788.11	2013.20
788.36	2007.80
788.61	1989.40
788.86	2007.70
789.11	2002.30
789.36	1999.30
789.61	2009.70
789.86	2001.20
790.11	2005.90
790.36	1991.10
790.61	2003.10
790.86	2006.20
791.11	1988.60
791.36	1983.80
791.61	1987.10
791.86	2010.90
792.11	2011.90
792.36	2013.60
792.61	1990.50
792.86	1993.10
793.11	1988.00
793.36	1976.50
793.61	1979.90
793.87	1981.60
794.12	1963.60
794.37	1963.00
794.62	1964.90
794.87	1952.90
795.12	1950.40
795.37	1970.80
795.62	1964.00
795.87	1934.20
796.12	1924.40
796.37	1944.80
796.62	1933.80
796.87	1936.50
797.12	1944.20
797.37	1921.50
797.62	1891.10
797.87	1909.30
798.12	1904.50
798.37	1926.30
798.62	1923.50
798.87	1899.50
799.12	1873.10
799.37	1870.00
799.62	1875.60
799.87	1893.20
800.12	1869.40
800.37	1860.60
800.62	1853.70
800.87	1854.50
801.12	1840.70
801.37	1848.70
801.61	1835.10
801.86	1831.20
802.11	1836.90
802.36	1831.60
802.61	1822.80
802.86	1836.80
803.11	1831.10
803.36	1810.00
803.61	1814.30
803.86	1794.60
804.11	1803.50
804.36	1786.20
804.61	1776.90
804.86	1781.00
805.11	1777.30
805.36	1762.00
805.61	1753.10
805.86	1753.90
806.11	1758.20
806.36	1749.40
806.61	1752.70
806.86	1738.20
807.11	1733.60
807.36	1712.30
807.61	1724.60
807.86	1719.10
808.11	1713.40
808.36	1698.20
808.61	1694.40
808.86	1709.20
809.11	1707.60
809.36	1672.70
809.60	1670.10
809.85	1673.40
810.10	1656.60
810.35	1654.90
810.60	1654.30
810.85	1658.20
811.10	1642.00
811.35	1647.30
811.60	1637.20
811.85	1635.10
812.10	1625.10
812.35	1613.50
812.60	1604.70
812.85	1604.20
813.10	1616.00
813.35	1606.60
813.60	1594.40
813.85	1602.00
814.09	1596.30
814.34	1601.10
814.59	1593.60
814.84	1582.80
815.09	1575.90
815.34	1569.30
815.59	1570.90
815.84	1566.70
816.09	1555.80
816.34	1560.00
816.59	1536.30
816.84	1530.80
817.09	1534.60
817.34	1539.60
817.58	1526.50
817.83	1522.30
818.08	1531.80
818.33	1521.50
818.58	1502.80
818.83	1507.20
819.08	1511.00
819.33	1507.90
819.58	1500.30
819.83	1510.60
820.08	1502.00
820.33	1494.60
820.57	1485.20
820.82	1502.70
821.07	1504.90
821.32	1480.90
821.57	1476.50
821.82	1479.40
822.07	1472.60
822.32	1456.60
822.57	1461.90
822.82	1467.50
823.07	1458.60
823.31	1462.60
823.56	1458.10
823.81	1458.50
824.06	1458.70
824.31	1470.30
824.56	1458.00
824.81	1457.70
825.06	1444.60
825.31	1450.60
825.55	1447.00
825.80	1447.20
826.05	1457.20
826.30	1445.60
826.55	1445.60
826.80	1435.10
827.05	1437.60
827.30	1429.20
827.55	1434.20
827.79	1437.00
828.04	1442.10
828.29	1438.40
828.54	1445.00
828.79	1434.60
829.04	1414.80
829.29	1429.40
829.54	1423.40
829.78	1438.00
830.03	1442.70
830.28	1426.70
830.53	1425.80
830.78	1426.70
831.03	1426.10
831.28	1420.60
831.53	1412.20
831.77	1414.90
832.02	1404.30
832.27	1418.50
832.52	1412.60
832.77	1406.10
833.02	1410.50
833.27	1420.50
833.51	1410.60
833.76	1416.30
834.01	1419.60
834.26	1411.10
834.51	1406.80
834.76	1404.70
835.01	1406.40
835.25	1403.70
835.50	1411.40
835.75	1417.40
836.00	1419.40
836.25	1423.80
836.50	1433.80
836.75	1423.90
836.99	1405.70
837.24	1414.70
837.49	1415.30
837.74	1414.20
837.99	1419.10
838.24	1419.70
838.48	1420.50
838.73	1428.70
838.98	1422.10
839.23	1418.40
839.48	1417.40
839.73	1419.20
839.97	1425.30
840.22	1417.30
840.47	1416.60
840.72	1427.70
840.97	1442.00
841.22	1439.70
841.46	1425.60
841.71	1428.40
841.96	1419.50
842.21	1419.40
842.46	1437.90
842.71	1451.70
842.95	1441.50
843.20	1446.90
843.45	1449.70
843.70	1444.00
843.95	1435.30
844.20	1432.20
844.44	1423.20
844.69	1437.80
844.94	1442.20
845.19	1444.20
845.44	1426.60
845.68	1434.60
845.93	1441.00
846.18	1443.30
846.43	1440.00
846.68	1435.40
846.92	1440.20
847.17	1451.00
847.42	1444.40
847.67	1449.80
847.92	1454.40
848.16	1460.80
848.41	1484.40
848.66	1478.40
848.91	1467.90
849.16	1477.00
849.40	1484.70
849.65	1480.20
849.90	1486.70
850.15	1477.60
850.40	1486.80
850.64	1474.80
850.89	1468.50
851.14	1464.50
851.39	1472.90
851.64	1483.10
851.88	1482.00
852.13	1487.30
852.38	1486.00
852.63	1488.10
852.87	1492.50
853.12	1502.80
853.37	1505.30
853.62	1511.00
853.87	1497.60
854.11	1499.80
854.36	1499.90
854.61	1485.50
854.86	1496.60
855.10	1505.60
855.35	1504.60
855.60	1524.40
855.85	1515.40
856.10	1510.50
856.34	1510.00
856.59	1528.00
856.84	1520.80
857.09	1516.90
857.33	1520.20
857.58	1516.50
857.83	1507.90
858.08	1525.40
858.32	1514.10
858.57	1502.90
858.82	1531.80
859.07	1534.10
859.31	1531.00
859.56	1531.50
859.81	1538.10
860.06	1520.80
860.30	1524.40
860.55	1533.70
860.80	1527.60
861.05	1533.90
861.29	1533.80
861.54	1537.50
861.79	1526.80
862.04	1528.00
862.28	1525.90
862.53	1536.20
862.78	1545.80
863.03	1550.90
863.27	1545.60
863.52	1545.50
863.77	1547.70
864.02	1547.20
864.26	1545.40
864.51	1531.10
864.76	1551.60
865.01	1542.20
865.25	1524.10
865.50	1533.10
865.75	1536.70
866.00	1537.40
866.24	1529.00
866.49	1553.50
866.74	1541.30
866.98	1535.20
867.23	1550.60
867.48	1539.70
867.73	1536.50
867.97	1533.70
868.22	1533.90
868.47	1521.00
868.71	1511.40
868.96	1526.00
869.21	1526.70
869.46	1522.20
869.70	1521.20
869.95	1519.60
870.20	1524.90
870.44	1531.00
870.69	1516.30
870.94	1504.70
871.19	1506.50
871.43	1517.00
871.68	1516.10
871.93	1511.40
872.17	1522.20
872.42	1530.50
872.67	1523.40
872.92	1518.10
873.16	1504.10
873.41	1496.40
873.66	1491.70
873.90	1495.80
874.15	1502.30
874.40	1500.50
874.64	1492.10
874.89	1496.80
875.14	1483.90
875.39	1478.70
875.63	1470.70
875.88	1498.40
876.13	1486.50
876.37	1484.30
876.62	1472.30
876.87	1479.80
877.11	1486.30
877.36	1474.50
877.61	1473.40
877.85	1467.10
878.10	1449.70
878.35	1481.10
878.59	1456.10
878.84	1445.10
879.09	1444.00
879.33	1456.70
879.58	1441.80
879.83	1445.40
880.07	1452.90
880.32	1454.60
880.57	1443.70
880.81	1436.60
881.06	1430.40
881.31	1421.50
881.55	1422.90
881.80	1415.50
882.05	1412.70
882.29	1407.30
882.54	1399.90
882.79	1396.40
883.03	1407.80
883.28	1401.30
883.53	1400.30
883.77	1399.10
884.02	1382.40
884.27	1391.80
884.51	1383.70
884.76	1380.10
885.01	1356.30
885.25	1363.10
885.50	1373.50
885.75	1358.30
885.99	1344.10
886.24	1362.20
886.49	1365.80
886.73	1354.10
886.98	1343.40
887.23	1348.50
887.47	1350.80
887.72	1332.00
887.96	1332.40
888.21	1339.20
888.46	1328.80
888.70	1316.30
888.95	1301.60
889.20	1310.60
889.44	1303.90
889.69	1298.90
889.94	1313.30
890.18	1297.50
890.43	1304.30
890.67	1285.40
890.92	1274.80
891.17	1280.10
891.41	1281.10
891.66	1266.80
891.91	1267.90
892.15	1276.40
892.40	1261.10
892.64	1264.80
892.89	1257.70
893.14	1261.70
893.38	1250.90
893.63	1250.70
893.88	1262.70
894.12	1242.40
894.37	1234.70
894.61	1219.10
894.86	1229.30
895.11	1219.30
895.35	1209.00
895.60	1223.90
895.84	1219.30
896.09	1206.90
896.34	1206.60
896.58	1204.80
896.83	1199.50
897.07	1195.30
897.32	1189.00
897.57	1180.00
897.81	1186.90
898.06	1187.50
898.30	1191.00
898.55	1188.20
898.80	1174.80
899.04	1171.40
899.29	1162.90
899.53	1170.60
899.78	1175.00
900.03	1161.00
900.27	1144.30
900.52	1156.20
900.76	1144.00
901.01	1149.10
901.26	1142.10
901.50	1151.60
901.75	1137.30
901.99	1123.30
902.24	1130.20
902.48	1121.70
902.73	1111.20
902.98	1122.30
903.22	1121.90
903.47	1106.90
903.71	1104.80
903.96	1111.40
904.21	1117.20
904.45	1100.90
904.70	1090.90
904.94	1092.80
905.19	1099.10
905.43	1089.80
905.68	1087.60
905.93	1080.70
906.17	1073.90
906.42	1081.10
906.66	1075.10
906.91	1076.40
907.15	1061.20
907.40	1063.50
907.64	1072.20
907.89	1055.50
908.14	1047.70
908.38	1050.70
908.63	1035.30
908.87	1042.90
909.12	1047.00
909.36	1046.60
909.61	1046.00
909.85	1028.00
910.10	1040.40
910.35	1029.00
910.59	1023.80
910.84	1024.10
911.08	1026.80
911.33	1033.20
911.57	1026.70
911.82	1027.10
912.06	1021.30
912.31	1009.20
912.55	1007.50
912.80	1005.70
913.05	1007.90
913.29	1002.40
913.54	999.30
913.78	989.40
914.03	989.60
914.27	990.30
914.52	1002.70
914.76	990.50
915.01	982.30
915.25	977.40
915.50	977.80
915.74	972.20
915.99	963.80
916.23	959.00
916.48	970.90
916.72	968.60
916.97	960.10
917.22	953.70
917.46	954.30
917.71	953.40
917.95	949.20
918.20	947.80
918.44	943.90
918.69	945.90
918.93	959.10
919.18	944.10
919.42	940.20
919.67	942.70
919.91	941.70
920.16	950.10
920.40	942.00
920.65	943.20
920.89	940.70
921.14	939.00
921.38	924.70
921.63	925.40
921.87	928.00
922.12	922.60
922.36	925.90
922.61	922.10
922.85	922.30
923.10	935.20
923.34	915.60
923.59	917.90
923.83	917.60
924.08	922.50
924.32	921.10
924.57	913.20
924.81	922.70
925.06	934.80
925.30	927.90
925.55	922.40
925.79	915.90
926.04	911.40
926.28	899.00
926.53	890.20
926.77	894.10
927.01	898.80
927.26	896.60
927.50	890.90
927.75	895.00
927.99	889.10
928.24	881.60
928.48	896.60
928.73	896.30
928.97	889.40
929.22	884.30
929.46	892.00
929.71	894.70
929.95	882.40
930.20	882.00
930.44	882.40
930.69	883.30
930.93	870.80
931.17	876.70
931.42	881.50
931.66	869.70
931.91	869.10
932.15	872.70
932.40	870.50
932.64	877.00
932.89	870.20
933.13	861.50
933.38	858.50
933.62	857.20
933.86	857.60
934.11	853.50
934.35	851.70
934.60	835.60
934.84	836.30
935.09	833.20
935.33	832.20
935.58	831.40
935.82	819.80
936.06	811.10
936.31	819.30
936.55	821.10
936.80	818.10
937.04	812.00
937.29	803.60
937.53	811.00
937.78	800.20
938.02	806.40
938.26	807.10
938.51	808.30
938.75	799.70
939.00	788.60
939.24	789.70
939.49	779.70
939.73	784.60
939.97	772.10
940.22	767.00
940.46	773.70
940.71	759.90
940.95	760.70
941.20	767.00
941.44	758.60
941.68	762.70
941.93	759.30
942.17	756.00
942.42	761.70
942.66	767.90
942.90	758.40
943.15	762.20
943.39	766.40
943.64	760.90
943.88	767.70
944.12	763.80
944.37	763.80
944.61	756.60
944.86	759.70
945.10	758.70
945.35	757.60
945.59	761.20
945.83	758.40
946.08	764.50
946.32	772.00
946.57	761.60
946.81	762.80
947.05	766.00
947.30	754.30
947.54	762.50
947.78	769.60
948.03	771.50
948.27	770.30
948.52	760.10
948.76	766.60
949.00	781.80
949.25	768.60
949.49	774.50
949.74	772.10
949.98	773.60
950.22	773.70
950.47	765.80
950.71	776.00
950.95	777.30
951.20	779.00
951.44	761.60
951.69	765.60
951.93	781.40
952.17	776.60
952.42	775.30
952.66	786.30
952.90	782.80
953.15	767.10
953.39	770.70
953.64	774.20
953.88	774.50
954.12	771.60
954.37	770.40
954.61	766.10
954.85	779.40
955.10	781.30
955.34	781.40
955.58	774.10
955.83	779.40
956.07	777.50
956.32	780.00
956.56	777.90
956.80	767.30
957.05	786.10
957.29	779.60
957.53	769.10
957.78	767.40
958.02	784.30
958.26	774.30
958.51	773.90
958.75	772.00
958.99	768.50
959.24	764.70
959.48	761.70
959.72	770.30
959.97	764.70
960.21	760.20
960.45	768.00
960.70	765.20
960.94	756.00
961.18	766.10
961.43	762.20
961.67	764.40
961.91	766.50
962.16	768.50
962.40	762.30
962.64	756.60
962.89	758.70
963.13	752.60
963.37	750.60
963.62	736.30
963.86	748.60
964.10	757.40
964.35	747.10
964.59	742.60
964.83	744.80
965.08	751.50
965.32	745.00
965.56	735.50
965.81	745.30
966.05	736.60
966.29	726.20
966.54	736.90
966.78	744.50
967.02	729.50
967.27	729.20
967.51	731.50
967.75	738.70
967.99	721.20
968.24	717.50
968.48	719.40
968.72	716.20
968.97	719.00
969.21	711.50
969.45	707.80
969.70	705.60
969.94	706.10
970.18	706.10
970.42	708.70
970.67	699.70
970.91	702.90
971.15	702.50
971.40	704.90
971.64	701.00
971.88	696.60
972.12	685.50
972.37	685.40
972.61	688.70
972.85	684.30
973.10	683.20
973.34	687.20
973.58	677.90
973.82	675.00
974.07	668.80
974.31	682.40
974.55	665.30
974.80	658.50
975.04	657.40
975.28	659.80
975.52	676.30
975.77	658.30
976.01	655.90
976.25	654.80
976.50	657.00
976.74	646.30
976.98	638.60
977.22	641.20
977.47	641.00
977.71	644.70
977.95	640.20
978.19	648.70
978.44	638.00
978.68	637.00
978.92	628.70
979.16	623.20
979.41	616.10
979.65	619.80
979.89	603.20
980.13	610.00
980.38	605.40
980.62	601.60
980.86	607.30
981.10	604.50
981.35	590.20
981.59	598.50
981.83	600.40
982.07	587.60
982.32	596.10
982.56	584.10
982.80	587.50
983.04	576.90
983.29	582.90
983.53	585.40
983.77	587.60
984.01	581.50
984.26	565.40
984.50	564.90
984.74	563.30
984.98	560.90
985.23	562.90
985.47	556.40
985.71	543.30
985.95	547.50
986.19	551.10
986.44	550.30
986.68	531.70
986.92	547.10
987.16	538.40
987.41	532.80
987.65	537.10
987.89	523.70
988.13	520.80
988.37	520.50
988.62	526.70
988.86	522.30
989.10	516.80
989.34	503.00
989.59	503.30
989.83	510.70
990.07	508.80
990.31	501.80
990.55	500.80
990.80	499.60
991.04	491.30
991.28	488.40
991.52	478.30
991.76	483.10
992.01	478.20
992.25	473.90
992.49	479.90
992.73	480.60
992.97	480.30
993.22	469.30
993.46	471.40
993.70	462.60
993.94	459.10
994.18	455.00
994.43	461.70
994.67	457.50
994.91	455.40
995.15	452.00
995.39	443.20
995.64	451.70
995.88	446.00
996.12	445.80
996.36	443.00
996.60	433.90
996.84	432.20
997.09	426.30
997.33	442.00
997.57	437.80
997.81	423.20
998.05	420.60
998.30	419.00
998.54	415.50
998.78	409.60
999.02	413.70
999.26	409.00
999.50	413.10
999.75	405.10
999.99	401.00
1000.23	401.50
1000.47	397.70
1000.71	398.00
1000.95	396.90
1001.20	393.20
1001.44	386.80
1001.68	378.70
1001.92	378.30
1002.16	374.10
1002.40	380.70
1002.65	371.50
1002.89	375.50
1003.13	380.50
1003.37	372.00
1003.61	368.00
1003.85	373.30
1004.09	368.90
1004.34	358.70
1004.58	357.20
1004.82	345.30
1005.06	345.50
1005.30	349.80
1005.54	339.50
1005.78	331.40
1006.03	334.80
1006.27	338.20
1006.51	341.20
1006.75	331.10
1006.99	330.50
1007.23	323.60
1007.47	334.50
1007.72	328.50
1007.96	322.80
1008.20	321.50
1008.44	321.90
1008.68	317.00
1008.92	317.30
1009.16	314.70
1009.40	314.20
1009.65	308.80
1009.89	308.70
1010.13	308.80
1010.37	300.60
1010.61	309.20
1010.85	306.50
1011.09	301.40
1011.33	308.30
1011.58	301.00
1011.82	299.70
1012.06	298.60
1012.30	307.50
1012.54	292.20
1012.78	294.30
1013.02	296.50
1013.26	298.40
1013.50	286.80
1013.75	293.20
1013.99	290.40
1014.23	288.00
1014.47	283.70
1014.71	285.90
1014.95	280.50
1015.19	276.30
1015.43	275.30
1015.67	274.90
1015.92	274.50
1016.16	286.50
1016.40	279.20
1016.64	268.90
1016.88	270.00
1017.12	264.40
1017.36	274.30
1017.60	273.30
1017.84	275.90
1018.08	264.90
1018.32	256.90
1018.57	266.30
1018.81	258.30
1019.05	258.80
1019.29	258.00
1019.53	255.50
1019.77	253.20
1020.01	253.10
1020.25	255.40
1020.49	254.40
1020.73	250.00
1020.97	253.80
1021.21	256.70
1021.45	260.60
1021.70	250.00
1021.94	249.40
1022.18	254.80
1022.42	246.80
1022.66	237.50
1022.90	243.20
1023.14	233.80
1023.38	246.40
1023.62	234.00
1023.86	239.80
1024.10	227.10
1024.34	230.00
1024.58	221.20
1024.82	223.50
1025.06	233.70
1025.31	231.70
1025.55	229.90
1025.79	239.40
1026.03	235.90
1026.27	234.10
1026.51	220.90
1026.75	218.90
1026.99	221.50
1027.23	220.70
1027.47	219.20
1027.71	216.10
1027.95	204.20
1028.19	212.60
1028.43	205.70
1028.67	205.60
1028.91	209.00
1029.15	211.20
1029.39	201.80
1029.63	210.20
1029.87	211.40
1030.11	215.40
1030.36	212.00
1030.60	202.70
1030.84	208.80
1031.08	201.90
1031.32	204.80
1031.56	212.10
1031.80	207.00
1032.04	188.90
1032.28	193.50
1032.52	191.80
1032.76	188.20
1033.00	192.50
1033.24	187.20
1033.48	189.50
1033.72	189.00
1033.96	186.10
1034.20	182.60
1034.44	188.60
1034.68	179.90
1034.92	178.80
1035.16	180.80
1035.40	175.80
1035.64	176.20
1035.88	176.90
1036.12	178.10
1036.36	181.60
1036.60	172.90
1036.84	175.20
1037.08	162.60
1037.32	164.60
1037.56	173.30
1037.80	170.90
1038.04	166.80
1038.28	169.40
1038.52	163.80
1038.76	171.20
1039.00	179.10
1039.24	166.10
1039.48	156.20
1039.72	161.50
1039.96	160.20
1040.20	152.30
1040.44	155.50
1040.68	156.20
1040.92	151.70
1041.16	159.40
1041.40	164.60
1041.64	157.60
1041.88	147.00
1042.12	151.80
1042.36	148.00
1042.60	142.60
1042.84	144.00
1043.08	145.00
1043.32	142.20
1043.56	147.90
1043.80	150.30
1044.04	145.00
1044.28	145.40
1044.52	151.60
1044.76	143.50
1045.00	143.40
1045.24	145.00
1045.48	144.10
1045.72	135.20
1045.96	141.60
1046.19	135.60
1046.43	139.90
1046.67	142.20
1046.91	138.30
1047.15	131.90
1047.39	126.20
1047.63	126.50
1047.87	131.20
1048.11	132.10
1048.35	123.90
1048.59	135.00
1048.83	132.10
1049.07	122.00
1049.31	124.90
1049.55	122.70
1049.79	124.40
1050.03	123.90
1050.27	117.80
1050.51	121.90
1050.75	122.80
1050.99	116.80
1051.22	114.70
1051.46	122.20
1051.70	125.90
1051.94	122.60
1052.18	131.20
1052.42	136.50
1052.66	130.20
1052.90	113.10
1053.14	123.20
1053.38	116.80
1053.62	116.30
1053.86	106.00
1054.10	113.00
1054.34	111.80
1054.58	107.10
1054.81	110.50
1055.05	117.50
1055.29	112.10
1055.53	109.40
1055.77	108.80
1056.01	108.50
1056.25	104.10
1056.49	98.00
1056.73	108.80
1056.97	101.60
1057.21	102.30
1057.45	97.40
1057.69	96.90
1057.92	100.80
1058.16	93.90
1058.40	99.90
1058.64	97.10
1058.88	96.60
1059.12	100.10
1059.36	101.20
1059.60	106.00
1059.84	107.30
1060.08	100.80
1060.31	98.90
1060.55	101.30
1060.79	92.80
1061.03	98.80
1061.27	90.30
1061.51	86.60
1061.75	88.60
1061.99	89.40
1062.23	92.00
1062.47	89.30
1062.70	85.40
1062.94	91.90
1063.18	99.20
1063.42	90.90
1063.66	79.40
1063.90	82.00
1064.14	89.40
1064.38	85.00
1064.62	95.50
1064.85	93.80
1065.09	84.00
1065.33	89.60
1065.57	75.90
1065.81	77.00
1066.05	75.10
1066.29	92.00
1066.53	83.90
1066.76	87.90
1067.00	89.10
1067.24	89.10
1067.48	92.40
1067.72	89.60
1067.96	95.20
1068.20	85.70
1068.43	81.30
1068.67	79.10
1068.91	90.40
1069.15	84.50
1069.39	82.70
1069.63	77.00
1069.87	79.10
1070.11	81.30
1070.34	77.70
1070.58	81.10
1070.82	77.90
1071.06	73.70
1071.30	79.00
1071.54	78.30
1071.77	78.60
1072.01	76.30
1072.25	82.00
1072.49	73.50
1072.73	69.90
1072.97	74.00
1073.21	79.70
1073.44	76.10
1073.68	76.60
1073.92	75.00
1074.16	70.60
1074.40	72.60
1074.64	72.80
1074.87	71.90
1075.11	73.00
1075.35	71.70
1075.59	71.70
1075.83	71.40
1076.07	69.20
1076.30	72.40
1076.54	71.00
1076.78	70.10
1077.02	68.20
1077.26	72.90
1077.50	70.70
1077.73	58.30
1077.97	68.10
1078.21	64.60
1078.45	59.00
1078.69	69.00
1078.92	59.90
1079.16	66.30
1079.40	66.40
1079.64	66.40
1079.88	61.70
1080.12	59.50
1080.35	61.00
1080.59	58.10
1080.83	69.20
1081.07	63.00
1081.31	61.40
1081.54	45.80
1081.78	60.10
1082.02	68.70
1082.26	63.80
1082.50	66.20
1082.73	58.20
1082.97	58.20
1083.21	61.30
1083.45	63.40
1083.69	66.60
1083.92	71.20
1084.16	59.60
1084.40	53.90
1084.64	51.00
1084.88	51.70
1085.11	60.80
1085.35	62.60
1085.59	50.10
1085.83	49.20
1086.06	47.30
1086.30	49.10
1086.54	56.90
1086.78	51.20
1087.02	41.70
1087.25	47.60
1087.49	51.80
1087.73	43.30
1087.97	38.90
1088.20	40.00
1088.44	44.60
1088.68	47.50
1088.92	47.10
1089.16	46.30
1089.39	39.00
1089.63	46.60
1089.87	48.80
1090.11	44.20
1090.34	40.10
1090.58	41.50
1090.82	46.70
1091.06	44.00
1091.29	48.00
1091.53	44.30
1091.77	42.10
1092.01	41.00
1092.24	38.70
1092.48	35.10
1092.72	42.80
1092.96	36.60
1093.20	31.10
1093.43	27.90
1093.67	30.90
1093.91	40.30
1094.15	41.70
1094.38	39.60
1094.62	39.50
1094.86	42.80
1095.09	39.60
1095.33	37.40
1095.57	34.90
1095.81	31.90
1096.04	34.70
1096.28	29.10
1096.52	25.10
1096.76	39.40
1096.99	34.90
1097.23	35.10
1097.47	36.60
1097.71	24.30
1097.94	23.20
1098.18	25.00
1098.42	32.70
1098.65	30.50
1098.89	28.50
1099.13	27.80
1099.37	28.10
1099.60	19.30
1099.84	20.50
1100.08	25.00
1100.32	25.30
1100.55	26.00
1100.79	28.00
1101.03	21.70
1101.26	29.50
1101.50	32.30
1101.74	38.40
1101.98	31.60
1102.21	14.00
1102.45	17.00
1102.69	24.00
1102.92	19.40
1103.16	17.00
1103.40	17.10
1103.64	18.50
1103.87	22.20
1104.11	18.20
1104.35	20.70
1104.58	17.90
1104.82	15.10
1105.06	19.00
1105.29	16.30
1105.53	14.80
1105.77	22.40
1106.00	23.90
1106.24	17.70
1106.48	34.20
1106.72	18.00
1106.95	12.10
1107.19	17.80
1107.43	8.00
1107.66	9.30
1107.90	18.50
1108.14	14.20
1108.37	9.70
1108.61	13.00
1108.85	13.20
1109.08	23.50
1109.32	19.70
1109.56	19.40
1109.79	16.10
1110.03	13.40
1110.27	16.90
1110.50	17.10
1110.74	18.80
1110.98	11.40
1111.21	16.70
1111.45	16.90
1111.69	15.80
1111.92	13.00
1112.16	11.40
1112.40	9.90
1112.63	9.90
1112.87	14.20
1113.11	19.20
1113.34	18.60
1113.58	12.80
1113.82	10.40
1114.05	6.30
1114.29	4.90
1114.53	6.10
1114.76	9.00
1115.00	7.70
1115.24	7.90
1115.47	14.00
1115.71	18.40
1115.95	16.60
1116.18	10.80
1116.42	8.20
1116.66	13.60
1116.89	8.70
1117.13	6.80
1117.36	10.80
1117.60	5.10
1117.84	6.40
1118.07	11.10
1118.31	13.00
1118.55	7.10
1118.78	0.10
1119.02	8.20
1119.26	-0.20
1119.49	4.90
1119.73	3.10
1119.96	6.00
1120.20	2.00
1120.44	0.30
1120.67	1.40
1120.91	4.40
1121.15	2.70
1121.38	7.00
1121.62	-0.80
