194.94	20.00
195.21	20.00
195.48	20.00
195.75	3.80
196.02	11.60
196.29	11.10
196.56	6.50
196.83	4.40
197.10	4.10
197.37	-0.50
197.64	-1.30
197.91	9.80
198.18	8.70
198.45	0.50
198.72	0.00
198.99	-5.60
199.26	-7.60
199.53	-6.10
199.80	-0.90
200.07	6.00
200.34	14.50
200.61	12.60
200.87	3.80
201.14	7.50
201.41	3.70
201.68	7.40
201.95	7.90
202.22	5.40
202.49	5.40
202.76	15.30
203.03	10.80
203.30	3.60
203.57	1.00
203.84	-1.30
204.11	-4.40
204.38	1.80
204.65	4.50
204.92	4.70
205.19	8.90
205.46	4.00
205.73	13.20
206.00	13.40
206.27	8.40
206.54	7.80
206.80	8.40
207.07	-0.80
207.34	12.20
207.61	7.80
207.88	14.60
208.15	0.90
208.42	13.00
208.69	1.00
208.96	1.70
209.23	5.60
209.50	12.30
209.77	16.00
210.04	5.10
210.31	6.20
210.58	4.90
210.85	3.00
211.11	9.10
211.38	10.20
211.65	-3.30
211.92	-3.10
212.19	3.30
212.46	6.40
212.73	2.20
213.00	2.60
213.27	-0.10
213.54	7.10
213.81	2.20
214.08	-3.80
214.35	-3.80
214.62	-0.10
214.88	5.50
215.15	1.80
215.42	0.00
215.69	-5.20
215.96	4.30
216.23	2.40
216.50	-0.90
216.77	2.90
217.04	-0.50
217.31	0.40
217.58	2.50
217.85	8.80
218.12	0.60
218.38	-2.30
218.65	6.10
218.92	13.90
219.19	5.60
219.46	8.40
219.73	7.90
220.00	12.60
220.27	7.40
220.54	-4.10
220.81	-10.10
221.08	4.60
221.34	-2.10
221.61	0.80
221.88	0.70
222.15	6.40
222.42	3.90
222.69	2.10
222.96	4.50
223.23	0.90
223.50	5.00
223.77	3.30
224.03	1.60
224.30	8.80
224.57	6.90
224.84	5.20
225.11	4.10
225.38	3.80
225.65	6.00
225.92	2.20
226.19	5.40
226.46	-3.60
226.72	3.70
226.99	3.80
227.26	-0.10
227.53	9.40
227.80	-0.20
228.07	1.20
228.34	-0.50
228.61	2.90
228.88	0.20
229.14	0.30
229.41	5.00
229.68	0.10
229.95	-7.00
230.22	-5.10
230.49	-5.10
230.76	-1.20
231.03	-2.50
231.29	-0.30
231.56	4.40
231.83	2.70
232.10	9.70
232.37	7.90
232.64	1.80
232.91	1.60
233.18	7.40
233.44	1.60
233.71	11.40
233.98	10.20
234.25	5.50
234.52	3.60
234.79	0.00
235.06	-0.60
235.33	7.50
235.59	4.10
235.86	7.40
236.13	7.30
236.40	9.10
236.67	-2.10
236.94	1.20
237.21	8.00
237.47	0.00
237.74	-3.80
238.01	-3.00
238.28	-1.40
238.55	14.10
238.82	8.90
239.09	-1.60
239.35	4.70
239.62	6.50
239.89	5.50
240.16	3.10
240.43	3.90
240.70	3.60
240.97	5.30
241.23	4.40
241.50	9.10
241.77	1.50
242.04	2.40
242.31	9.10
242.58	5.40
242.84	-1.10
243.11	-0.40
243.38	4.50
243.65	-0.70
243.92	-0.30
244.19	10.80
244.46	19.80
244.72	14.70
244.99	8.60
245.26	6.20
245.53	11.30
245.80	6.50
246.07	5.60
246.33	0.30
246.60	5.70
246.87	5.30
247.14	-5.50
247.41	-1.30
247.68	7.70
247.94	16.80
248.21	6.10
248.48	7.60
248.75	4.70
249.02	5.80
249.29	11.40
249.55	6.10
249.82	8.70
250.09	5.80
250.36	8.60
250.63	4.90
250.89	13.50
251.16	8.10
251.43	-5.60
251.70	8.40
251.97	2.20
252.24	1.70
252.50	3.00
252.77	5.20
253.04	-2.70
253.31	10.50
253.58	4.20
253.84	8.80
254.11	2.10
254.38	8.50
254.65	5.90
254.92	3.20
255.19	4.90
255.45	1.60
255.72	11.40
255.99	0.40
256.26	-1.00
256.53	-4.20
256.79	5.40
257.06	-0.40
257.33	-3.10
257.60	3.50
257.87	4.20
258.13	6.30
258.40	10.70
258.67	9.90
258.94	7.80
259.21	6.70
259.47	6.50
259.74	0.60
260.01	-0.90
260.28	-2.90
260.55	-1.30
260.81	11.60
261.08	7.40
261.35	2.70
261.62	1.80
261.89	13.10
262.15	7.10
262.42	5.40
262.69	8.40
262.96	6.90
263.23	-3.10
263.49	6.00
263.76	5.60
264.03	0.90
264.30	-1.40
264.56	2.00
264.83	-0.10
265.10	3.80
265.37	1.00
265.64	4.10
265.90	0.20
266.17	0.60
266.44	11.10
266.71	9.90
266.97	9.20
267.24	11.10
267.51	8.00
267.78	-2.20
268.05	3.80
268.31	11.80
268.58	-4.90
268.85	2.00
269.12	-0.20
269.38	2.70
269.65	5.00
269.92	1.90
270.19	-1.10
270.45	4.40
270.72	5.90
270.99	4.20
271.26	8.20
271.53	6.20
271.79	2.00
272.06	11.20
272.33	2.90
272.60	7.60
272.86	5.20
273.13	-1.10
273.40	0.20
273.67	9.90
273.93	6.90
274.20	3.90
274.47	2.50
274.74	2.60
275.00	1.50
275.27	4.40
275.54	7.50
275.81	1.10
276.07	-7.20
276.34	-3.60
276.61	-2.90
276.88	-0.80
277.14	1.20
277.41	4.50
277.68	10.50
277.95	4.90
278.21	9.80
278.48	8.60
278.75	7.80
279.02	8.30
279.28	4.30
279.55	6.20
279.82	-2.00
280.09	-6.80
280.35	-2.40
280.62	0.60
280.89	2.70
281.16	1.10
281.42	3.50
281.69	1.80
281.96	-5.30
282.22	3.80
282.49	-3.30
282.76	2.90
283.03	8.40
283.29	5.00
283.56	0.10
283.83	3.40
284.10	4.60
284.36	-4.20
284.63	-7.70
284.90	1.20
285.16	9.00
285.43	9.20
285.70	9.90
285.97	3.50
286.23	5.10
286.50	2.10
286.77	9.60
287.04	2.60
287.30	0.60
287.57	9.10
287.84	3.70
288.10	6.00
288.37	10.20
288.64	10.40
288.91	15.20
289.17	5.80
289.44	3.60
289.71	0.70
289.97	12.10
290.24	13.20
290.51	9.80
290.78	14.60
291.04	15.80
291.31	11.00
291.58	12.20
291.84	13.20
292.11	3.20
292.38	5.20
292.64	12.70
292.91	10.90
293.18	6.10
293.45	1.50
293.71	5.60
293.98	1.40
294.25	6.80
294.51	0.50
294.78	2.80
295.05	-1.60
295.31	2.80
295.58	6.00
295.85	0.90
296.12	12.20
296.38	6.70
296.65	2.40
296.92	-1.50
297.18	-0.90
297.45	-1.10
297.72	7.70
297.98	-2.70
298.25	2.60
298.52	-0.50
298.78	4.50
299.05	6.30
299.32	0.30
299.58	-1.60
299.85	0.50
300.12	7.00
300.39	9.70
300.65	12.00
300.92	5.20
301.19	5.50
301.45	12.40
301.72	2.10
301.99	4.30
302.25	4.40
302.52	-0.30
302.79	7.90
303.05	0.20
303.32	3.30
303.59	-0.20
303.85	7.30
304.12	4.10
304.39	8.50
304.65	8.30
304.92	-4.70
305.19	-0.50
305.45	2.50
305.72	8.60
305.99	10.00
306.25	4.90
306.52	-0.10
306.79	-3.30
307.05	4.10
307.32	3.70
307.59	0.10
307.85	-0.10
308.12	8.50
308.39	2.40
308.65	1.70
308.92	1.70
309.19	2.20
309.45	-0.50
309.72	3.40
309.98	3.90
310.25	-1.40
310.52	-2.80
310.78	12.10
311.05	6.60
311.32	8.60
311.58	12.50
311.85	4.70
312.12	7.60
312.38	5.90
312.65	-1.60
312.92	6.70
313.18	8.40
313.45	8.40
313.72	0.70
313.98	3.10
314.25	2.70
314.51	1.70
314.78	-2.50
315.05	-1.50
315.31	-6.10
315.58	3.10
315.85	4.70
316.11	-1.40
316.38	-0.30
316.65	-3.40
316.91	0.00
317.18	7.30
317.44	6.40
317.71	3.30
317.98	3.30
318.24	-0.80
318.51	-1.00
318.78	2.90
319.04	-0.20
319.31	4.10
319.57	8.00
319.84	8.90
320.11	8.10
320.37	14.10
320.64	10.50
320.91	11.50
321.17	4.00
321.44	1.10
321.70	9.20
321.97	8.50
322.24	2.70
322.50	0.90
322.77	8.30
323.03	-0.30
323.30	5.20
323.57	5.20
323.83	14.80
324.10	6.20
324.37	-1.20
324.63	8.20
324.90	7.80
325.16	5.50
325.43	-6.40
325.70	1.90
325.96	6.30
326.23	8.40
326.49	9.00
326.76	1.80
327.03	-0.50
327.29	2.70
327.56	1.10
327.82	-2.80
328.09	3.80
328.36	14.10
328.62	5.40
328.89	5.20
329.15	7.30
329.42	0.10
329.69	0.50
329.95	-1.80
330.22	-3.90
330.48	3.50
330.75	5.00
331.02	5.80
331.28	-4.50
331.55	3.00
331.81	2.50
332.08	6.50
332.34	6.20
332.61	-0.40
332.88	-0.50
333.14	-6.00
333.41	-3.30
333.67	4.80
333.94	5.30
334.21	2.80
334.47	-2.90
334.74	8.40
335.00	4.60
335.27	0.80
335.53	8.00
335.80	8.20
336.07	7.10
336.33	3.50
336.60	2.00
336.86	6.10
337.13	8.00
337.39	-5.80
337.66	4.10
337.93	7.70
338.19	4.80
338.46	5.30
338.72	-0.80
338.99	-1.40
339.25	5.40
339.52	10.70
339.79	15.10
340.05	-0.20
340.32	7.00
340.58	12.80
340.85	12.40
341.11	4.20
341.38	-3.30
341.65	2.40
341.91	9.40
342.18	11.70
342.44	7.80
342.71	3.10
342.97	-1.00
343.24	-0.50
343.50	0.40
343.77	9.20
344.03	-1.60
344.30	-5.80
344.57	-2.50
344.83	-1.40
345.10	10.50
345.36	9.40
345.63	9.30
345.89	2.90
346.16	2.40
346.42	5.30
346.69	11.20
346.96	4.50
347.22	3.00
347.49	0.40
347.75	6.80
348.02	6.10
348.28	10.90
348.55	7.90
348.81	3.60
349.08	5.50
349.34	16.60
349.61	1.80
349.87	-5.60
350.14	6.10
350.40	7.00
350.67	1.70
350.94	2.70
351.20	9.20
351.47	5.70
351.73	6.60
352.00	7.50
352.26	17.30
352.53	10.50
352.79	3.50
353.06	7.10
353.32	2.70
353.59	5.10
353.85	4.70
354.12	1.60
354.38	1.00
354.65	0.50
354.91	6.40
355.18	9.30
355.44	2.20
355.71	11.00
355.97	7.40
356.24	5.30
356.51	-6.00
356.77	2.00
357.04	0.90
357.30	8.20
357.57	8.40
357.83	7.40
358.10	11.50
358.36	8.00
358.63	6.60
358.89	6.20
359.16	-0.10
359.42	3.70
359.69	2.70
359.95	-1.60
360.22	2.10
360.48	2.00
360.75	7.40
361.01	5.30
361.28	2.50
361.54	3.90
361.81	3.10
362.07	8.60
362.34	-2.30
362.60	-9.50
362.87	-5.70
363.13	0.80
363.40	2.30
363.66	2.00
363.93	9.00
364.19	11.30
364.46	5.70
364.72	6.80
364.99	7.90
365.25	8.60
365.52	10.50
365.78	11.50
366.04	9.50
366.31	5.20
366.57	4.90
366.84	3.70
367.10	4.20
367.37	-2.80
367.63	0.50
367.90	2.20
368.16	1.30
368.43	5.00
368.69	5.10
368.96	3.90
369.22	1.30
369.49	2.70
369.75	2.90
370.02	0.10
370.28	1.70
370.55	-0.50
370.81	0.10
371.08	6.70
371.34	6.00
371.60	0.30
371.87	0.00
372.13	0.50
372.40	1.90
372.66	7.40
372.93	1.60
373.19	2.80
373.46	1.10
373.72	-0.90
373.99	4.50
374.25	1.30
374.52	0.50
374.78	-0.10
375.04	2.50
375.31	6.00
375.57	3.80
375.84	16.20
376.10	14.80
376.37	6.70
376.63	5.20
376.90	9.70
377.16	11.60
377.43	9.00
377.69	5.10
377.95	7.80
378.22	0.30
378.48	2.60
378.75	9.60
379.01	16.60
379.28	7.50
379.54	3.20
379.81	4.90
380.07	2.00
380.33	-2.90
380.60	5.60
380.86	6.60
381.13	9.00
381.39	14.90
381.66	1.80
381.92	1.90
382.19	-5.70
382.45	-1.10
382.71	-1.60
382.98	-2.00
383.24	5.10
383.51	9.30
383.77	5.50
384.04	-0.60
384.30	13.10
384.56	8.70
384.83	1.80
385.09	1.70
385.36	10.30
385.62	9.30
385.89	7.50
386.15	-1.00
386.41	0.80
386.68	-1.00
386.94	3.20
387.21	0.50
387.47	4.00
387.74	13.30
388.00	9.90
388.26	2.80
388.53	1.60
388.79	1.60
389.06	-0.30
389.32	10.20
389.58	5.20
389.85	1.00
390.11	1.80
390.38	8.10
390.64	2.40
390.90	-2.10
391.17	9.90
391.43	2.30
391.70	3.60
391.96	4.20
392.23	-1.40
392.49	1.50
392.75	1.50
393.02	2.50
393.28	8.60
393.55	6.50
393.81	4.40
394.07	-0.10
394.34	-2.90
394.60	-0.40
394.87	9.00
395.13	5.60
395.39	5.70
395.66	0.30
395.92	2.40
396.18	-2.00
396.45	4.80
396.71	8.10
396.98	7.50
397.24	4.50
397.50	1.60
397.77	2.30
398.03	-0.10
398.30	2.20
398.56	-0.50
398.82	8.30
399.09	8.20
399.35	11.10
399.62	0.20
399.88	5.50
400.14	9.60
400.41	8.30
400.67	9.30
400.93	6.00
401.20	7.70
401.46	4.50
401.73	0.00
401.99	0.90
402.25	6.50
402.52	5.00
402.78	2.20
403.04	-0.60
403.31	-6.80
403.57	-1.80
403.84	-1.70
404.10	-2.00
404.36	5.90
404.63	6.40
404.89	4.30
405.15	6.20
405.42	2.00
405.68	-0.70
405.94	2.50
406.21	-3.00
406.47	2.70
406.74	8.10
407.00	1.00
407.26	0.40
407.53	4.70
407.79	4.00
408.05	-1.50
408.32	8.30
408.58	10.20
408.84	1.30
409.11	10.00
409.37	14.20
409.63	12.00
409.90	7.60
410.16	0.50
410.42	10.30
410.69	7.10
410.95	-1.50
411.22	5.90
411.48	8.00
411.74	-0.40
412.01	6.60
412.27	4.90
412.53	8.10
412.80	-1.30
413.06	1.90
413.32	4.90
413.59	13.60
413.85	4.80
414.11	2.70
414.38	5.50
414.64	12.80
414.90	7.90
415.17	6.30
415.43	3.40
415.69	3.80
415.96	3.90
416.22	10.80
416.48	5.50
416.75	14.80
417.01	20.80
417.27	5.80
417.54	-2.10
417.80	-0.80
418.06	-3.70
418.33	-0.40
418.59	1.00
418.85	5.50
419.12	10.50
419.38	8.60
419.64	13.30
419.91	5.60
420.17	9.20
420.43	4.50
420.69	6.10
420.96	4.80
421.22	4.70
421.48	9.70
421.75	3.70
422.01	10.40
422.27	10.30
422.54	3.60
422.80	1.90
423.06	4.20
423.33	5.90
423.59	2.20
423.85	14.20
424.11	2.80
424.38	7.00
424.64	6.60
424.90	9.80
425.17	4.20
425.43	12.40
425.69	6.60
425.96	-0.50
426.22	9.80
426.48	12.60
426.75	2.50
427.01	-1.30
427.27	-3.40
427.53	-1.80
427.80	7.80
428.06	3.80
428.32	-1.40
428.59	1.30
428.85	4.60
429.11	-2.90
429.37	6.80
429.64	7.30
429.90	-9.20
430.16	-0.50
430.43	3.10
430.69	4.80
430.95	7.40
431.21	-2.10
431.48	12.90
431.74	22.00
432.00	8.00
432.27	6.30
432.53	10.60
432.79	10.50
433.05	13.10
433.32	9.30
433.58	0.10
433.84	0.80
434.11	4.30
434.37	9.70
434.63	4.00
434.89	15.50
435.16	11.80
435.42	4.30
435.68	2.70
435.94	4.90
436.21	5.30
436.47	0.50
436.73	2.90
436.99	6.80
437.26	4.80
437.52	4.20
437.78	-2.50
438.05	0.80
438.31	1.60
438.57	8.00
438.83	12.60
439.10	15.10
439.36	5.30
439.62	6.20
439.88	4.50
440.15	10.00
440.41	7.80
440.67	-1.00
440.93	2.40
441.20	11.70
441.46	5.90
441.72	4.50
441.98	3.60
442.25	8.00
442.51	5.40
442.77	9.20
443.03	1.50
443.30	-1.30
443.56	9.50
443.82	17.70
444.08	10.20
444.35	4.80
444.61	5.30
444.87	5.60
445.13	4.60
445.40	-0.60
445.66	1.30
445.92	4.80
446.18	4.60
446.44	11.00
446.71	0.30
446.97	-0.30
447.23	2.30
447.49	7.90
447.76	3.10
448.02	3.90
448.28	5.20
448.54	7.10
448.81	8.80
449.07	3.10
449.33	-2.80
449.59	3.10
449.85	4.40
450.12	7.00
450.38	8.30
450.64	5.70
450.90	10.40
451.17	7.70
451.43	6.40
451.69	4.60
451.95	-0.50
452.21	8.50
452.48	10.80
452.74	8.60
453.00	10.40
453.26	0.70
453.53	4.20
453.79	0.90
454.05	15.30
454.31	11.70
454.57	8.90
454.84	9.80
455.10	-0.90
455.36	10.90
455.62	14.70
455.88	10.90
456.15	5.20
456.41	-2.40
456.67	2.10
456.93	5.70
457.19	6.70
457.46	10.10
457.72	11.20
457.98	10.60
458.24	-1.70
458.50	6.10
458.77	3.70
459.03	4.30
459.29	4.50
459.55	6.70
459.81	2.60
460.08	0.80
460.34	9.80
460.60	4.10
460.86	-1.80
461.12	0.20
461.39	-3.50
461.65	3.00
461.91	10.40
462.17	12.10
462.43	1.70
462.69	10.70
462.96	-2.20
463.22	1.00
463.48	13.50
463.74	2.80
464.00	8.10
464.27	10.80
464.53	2.70
464.79	3.40
465.05	6.20
465.31	11.10
465.57	8.70
465.84	3.90
466.10	2.10
466.36	-0.60
466.62	1.50
466.88	10.30
467.14	7.80
467.41	8.50
467.67	12.70
467.93	6.60
468.19	3.20
468.45	11.40
468.71	13.10
468.98	-0.50
469.24	9.90
469.50	6.90
469.76	7.50
470.02	5.50
470.28	5.40
470.55	16.30
470.81	13.00
471.07	7.50
471.33	5.80
471.59	7.50
471.85	11.90
472.11	4.00
472.38	7.30
472.64	10.00
472.90	11.30
473.16	10.50
473.42	7.80
473.68	1.20
473.95	8.70
474.21	13.70
474.47	14.30
474.73	15.80
474.99	6.50
475.25	9.70
475.51	14.60
475.78	16.20
476.04	19.00
476.30	16.30
476.56	8.90
476.82	10.80
477.08	12.00
477.34	3.90
477.61	3.70
477.87	3.20
478.13	11.50
478.39	12.50
478.65	6.30
478.91	12.20
479.17	11.70
479.43	14.50
479.70	13.60
479.96	7.90
480.22	1.90
480.48	13.50
480.74	11.50
481.00	12.40
481.26	7.60
481.52	9.90
481.79	5.20
482.05	-3.20
482.31	6.00
482.57	17.30
482.83	21.70
483.09	17.40
483.35	14.00
483.61	8.20
483.88	15.00
484.14	8.00
484.40	17.60
484.66	19.80
484.92	10.40
485.18	12.70
485.44	20.80
485.70	15.80
485.96	21.50
486.23	18.40
486.49	18.30
486.75	14.10
487.01	14.00
487.27	9.90
487.53	14.70
487.79	15.70
488.05	14.20
488.31	10.20
488.57	8.90
488.84	20.80
489.10	12.70
489.36	13.00
489.62	12.20
489.88	5.40
490.14	13.70
490.40	17.30
490.66	13.70
490.92	17.30
491.18	20.00
491.44	17.10
491.71	8.80
491.97	15.50
492.23	14.70
492.49	13.20
492.75	12.90
493.01	8.70
493.27	14.10
493.53	29.40
493.79	17.10
494.05	14.90
494.31	17.10
494.58	17.80
494.84	16.30
495.10	8.90
495.36	11.80
495.62	18.10
495.88	18.70
496.14	14.70
496.40	14.70
496.66	20.00
496.92	19.80
497.18	18.60
497.44	21.10
497.70	14.30
497.96	13.40
498.23	12.60
498.49	14.80
498.75	22.60
499.01	17.70
499.27	16.30
499.53	17.70
499.79	18.60
500.05	18.30
500.31	21.90
500.57	17.00
500.83	16.70
501.09	11.30
501.35	21.60
501.61	20.90
501.87	22.10
502.13	15.90
502.40	15.20
502.66	15.20
502.92	28.30
503.18	29.30
503.44	30.90
503.70	21.00
503.96	18.10
504.22	24.20
504.48	22.20
504.74	22.10
505.00	22.00
505.26	22.80
505.52	13.80
505.78	11.60
506.04	12.90
506.30	21.10
506.56	13.00
506.82	10.60
507.08	15.00
507.34	20.80
507.60	16.90
507.86	21.90
508.13	21.00
508.39	19.40
508.65	14.90
508.91	14.10
509.17	13.40
509.43	15.90
509.69	17.00
509.95	10.80
510.21	13.70
510.47	9.90
510.73	13.70
510.99	12.30
511.25	20.30
511.51	21.90
511.77	13.10
512.03	16.80
512.29	18.20
512.55	16.70
512.81	18.80
513.07	13.40
513.33	13.70
513.59	13.10
513.85	12.70
514.11	11.00
514.37	18.30
514.63	18.30
514.89	16.10
515.15	9.90
515.41	23.70
515.67	25.00
515.93	19.00
516.19	16.80
516.45	19.30
516.71	15.00
516.97	10.90
517.23	26.60
517.49	24.00
517.75	19.00
518.01	14.50
518.27	21.20
518.53	21.60
518.79	15.10
519.05	21.60
519.31	18.20
519.57	23.20
519.83	22.10
520.09	12.50
520.35	19.60
520.61	19.50
520.87	19.90
521.13	25.00
521.39	22.30
521.65	13.30
521.91	23.40
522.17	18.50
522.43	23.30
522.69	27.20
522.95	24.00
523.21	23.80
523.47	32.40
523.73	22.00
523.99	17.20
524.25	22.00
524.51	25.30
524.77	26.40
525.03	27.90
525.29	22.50
525.55	23.20
525.81	27.40
526.07	21.60
526.33	28.40
526.59	24.80
526.85	24.60
527.11	28.60
527.37	21.50
527.63	24.90
527.89	24.40
528.15	28.20
528.41	25.10
528.67	26.90
528.93	28.40
529.19	35.20
529.45	20.80
529.71	30.80
529.96	29.20
530.22	31.60
530.48	27.90
530.74	28.50
531.00	23.00
531.26	31.10
531.52	29.50
531.78	29.80
532.04	27.70
532.30	26.70
532.56	30.80
532.82	29.60
533.08	30.60
533.34	32.20
533.60	32.10
533.86	27.30
534.12	31.70
534.38	29.40
534.64	19.70
534.90	33.60
535.16	35.40
535.42	29.40
535.67	29.50
535.93	38.40
536.19	34.50
536.45	25.30
536.71	28.80
536.97	32.60
537.23	37.50
537.49	33.40
537.75	34.20
538.01	35.70
538.27	34.30
538.53	35.30
538.79	36.20
539.05	39.30
539.31	29.50
539.57	33.50
539.82	31.60
540.08	35.10
540.34	41.00
540.60	35.00
540.86	24.30
541.12	28.30
541.38	34.80
541.64	31.00
541.90	38.10
542.16	34.00
542.42	39.30
542.68	36.00
542.94	31.40
543.19	34.80
543.45	40.40
543.71	36.40
543.97	36.60
544.23	41.50
544.49	49.30
544.75	33.90
545.01	30.00
545.27	38.90
545.53	44.80
545.79	45.80
546.05	45.30
546.30	45.10
546.56	43.00
546.82	41.60
547.08	32.50
547.34	32.80
547.60	36.40
547.86	33.30
548.12	33.80
548.38	37.00
548.64	34.20
548.89	31.60
549.15	28.00
549.41	36.20
549.67	41.70
549.93	28.20
550.19	28.70
550.45	41.90
550.71	41.20
550.97	48.10
551.23	41.40
551.48	33.10
551.74	37.20
552.00	40.90
552.26	40.00
552.52	48.10
552.78	44.30
553.04	39.20
553.30	42.00
553.56	40.20
553.81	32.40
554.07	39.70
554.33	43.40
554.59	36.90
554.85	33.20
555.11	34.00
555.37	38.10
555.63	43.00
555.88	44.00
556.14	41.20
556.40	48.00
556.66	43.00
556.92	45.90
557.18	42.50
557.44	42.80
557.70	39.70
557.95	39.00
558.21	50.20
558.47	42.40
558.73	36.20
558.99	54.90
559.25	48.00
559.51	43.70
559.76	51.00
560.02	55.70
560.28	48.20
560.54	47.20
560.80	49.60
561.06	45.70
561.32	43.30
561.58	42.40
561.83	45.40
562.09	49.90
562.35	40.00
562.61	42.00
562.87	51.40
563.13	52.40
563.38	46.90
563.64	41.90
563.90	46.40
564.16	47.10
564.42	42.40
564.68	46.70
564.94	51.80
565.19	52.70
565.45	48.90
565.71	48.60
565.97	54.20
566.23	60.30
566.49	55.50
566.74	52.50
567.00	58.20
567.26	59.60
567.52	50.50
567.78	56.20
568.04	60.80
568.29	59.30
568.55	59.20
568.81	53.90
569.07	65.60
569.33	59.10
569.59	60.80
569.84	63.20
570.10	55.20
570.36	52.30
570.62	58.90
570.88	55.60
571.14	63.30
571.39	67.30
571.65	71.90
571.91	59.40
572.17	64.30
572.43	56.00
572.69	62.40
572.94	56.50
573.20	57.70
573.46	64.90
573.72	66.70
573.98	69.50
574.23	67.90
574.49	70.90
574.75	57.20
575.01	69.30
575.27	68.60
575.53	71.00
575.78	62.00
576.04	64.10
576.30	63.10
576.56	63.70
576.82	71.70
577.07	71.70
577.33	70.60
577.59	62.00
577.85	72.80
578.11	73.90
578.36	67.20
578.62	67.00
578.88	66.90
579.14	71.90
579.40	68.90
579.65	75.60
579.91	69.10
580.17	64.30
580.43	72.20
580.69	76.90
580.94	83.20
581.20	78.30
581.46	73.90
581.72	74.60
581.97	71.00
582.23	71.00
582.49	73.50
582.75	56.70
583.01	61.20
583.26	67.00
583.52	69.30
583.78	74.50
584.04	70.80
584.30	65.10
584.55	67.80
584.81	72.10
585.07	74.20
585.33	72.30
585.58	65.80
585.84	68.90
586.10	66.20
586.36	72.20
586.61	67.10
586.87	70.90
587.13	69.50
587.39	69.70
587.65	65.90
587.90	73.90
588.16	68.00
588.42	62.80
588.68	71.70
588.93	68.80
589.19	73.70
589.45	72.70
589.71	66.50
589.96	72.90
590.22	79.80
590.48	78.40
590.74	82.50
590.99	83.20
591.25	72.70
591.51	77.50
591.77	71.00
592.02	73.20
592.28	80.90
592.54	79.40
592.80	86.30
593.05	88.60
593.31	85.30
593.57	77.40
593.83	84.10
594.08	84.40
594.34	81.80
594.60	77.90
594.86	83.10
595.11	86.40
595.37	87.70
595.63	82.80
595.89	88.70
596.14	83.80
596.40	79.60
596.66	80.40
596.92	83.10
597.17	87.10
597.43	86.70
597.69	91.70
597.95	97.50
598.20	99.70
598.46	96.90
598.72	91.30
598.97	93.10
599.23	87.30
599.49	78.30
599.75	91.90
600.00	83.20
600.26	71.20
600.52	86.40
600.78	94.40
601.03	99.30
601.29	100.20
601.55	95.50
601.80	96.50
602.06	99.70
602.32	99.50
602.58	107.30
602.83	100.50
603.09	99.80
603.35	105.40
603.60	116.90
603.86	107.90
604.12	110.60
604.38	108.80
604.63	101.90
604.89	106.90
605.15	112.10
605.40	111.10
605.66	116.70
605.92	120.90
606.18	119.30
606.43	110.30
606.69	115.10
606.95	116.40
607.20	115.80
607.46	114.20
607.72	118.50
607.97	119.50
608.23	122.00
608.49	123.80
608.75	121.20
609.00	124.30
609.26	125.00
609.52	134.70
609.77	122.70
610.03	120.80
610.29	130.20
610.54	128.80
610.80	129.90
611.06	136.80
611.31	134.80
611.57	136.40
611.83	138.00
612.08	138.70
612.34	131.30
612.60	136.70
612.86	138.40
613.11	130.90
613.37	130.80
613.63	147.40
613.88	143.30
614.14	143.60
614.40	153.10
614.65	146.60
614.91	141.80
615.17	145.60
615.42	144.90
615.68	147.80
615.94	146.90
616.19	149.10
616.45	149.90
616.71	155.00
616.96	150.10
617.22	152.30
617.48	150.60
617.73	147.80
617.99	153.30
618.25	146.70
618.50	153.60
618.76	159.50
619.02	158.00
619.27	156.70
619.53	157.80
619.79	154.10
620.04	147.00
620.30	154.00
620.56	154.50
620.81	159.30
621.07	168.00
621.32	152.50
621.58	155.10
621.84	160.30
622.09	165.10
622.35	160.00
622.61	158.30
622.86	165.30
623.12	158.50
623.38	159.80
623.63	172.40
623.89	171.80
624.15	160.50
624.40	158.90
624.66	167.80
624.92	157.80
625.17	158.90
625.43	162.40
625.68	165.50
625.94	170.00
626.20	167.40
626.45	167.60
626.71	165.90
626.97	166.20
627.22	168.10
627.48	175.90
627.73	175.90
627.99	178.20
628.25	171.90
628.50	165.90
628.76	155.50
629.02	166.00
629.27	171.70
629.53	174.50
629.78	167.10
630.04	172.80
630.30	170.70
630.55	177.00
630.81	180.30
631.07	185.20
631.32	179.50
631.58	181.60
631.83	180.70
632.09	176.60
632.35	186.50
632.60	181.20
632.86	176.20
633.11	185.30
633.37	180.90
633.63	177.90
633.88	179.80
634.14	179.90
634.40	178.70
634.65	190.80
634.91	193.20
635.16	182.30
635.42	179.20
635.68	176.20
635.93	184.10
636.19	190.60
636.44	190.70
636.70	185.40
636.96	190.70
637.21	190.70
637.47	193.60
637.72	191.00
637.98	190.50
638.23	193.20
638.49	190.30
638.75	189.50
639.00	193.20
639.26	192.30
639.51	195.70
639.77	192.60
640.03	203.00
640.28	210.10
640.54	204.60
640.79	198.10
641.05	203.30
641.30	209.10
641.56	217.90
641.82	211.30
642.07	211.70
642.33	211.70
642.58	205.60
642.84	215.80
643.10	220.30
643.35	223.70
643.61	224.70
643.86	229.80
644.12	222.80
644.37	227.50
644.63	225.50
644.89	231.00
645.14	238.20
645.40	234.50
645.65	232.60
645.91	232.30
646.16	228.90
646.42	229.70
646.67	232.30
646.93	235.30
647.19	247.70
647.44	241.90
647.70	242.70
647.95	245.60
648.21	251.90
648.46	254.40
648.72	250.50
648.97	250.20
649.23	263.00
649.49	262.60
649.74	262.90
650.00	263.10
650.25	262.60
650.51	267.60
650.76	263.10
651.02	267.60
651.27	278.70
651.53	281.00
651.79	284.70
652.04	287.70
652.30	281.50
652.55	277.60
652.81	282.50
653.06	291.90
653.32	289.90
653.57	292.60
653.83	302.40
654.08	308.20
654.34	310.30
654.59	289.80
654.85	305.50
655.10	316.70
655.36	307.60
655.62	304.90
655.87	311.00
656.13	318.10
656.38	319.70
656.64	321.80
656.89	320.00
657.15	326.80
657.40	338.60
657.66	342.70
657.91	344.80
658.17	341.50
658.42	342.20
658.68	345.10
658.93	345.20
659.19	346.50
659.44	349.80
659.70	357.50
659.95	360.10
660.21	360.20
660.46	370.20
660.72	361.60
660.97	359.80
661.23	365.50
661.48	379.80
661.74	375.20
661.99	376.80
662.25	378.90
662.51	379.60
662.76	385.50
663.02	375.90
663.27	387.20
663.53	394.70
663.78	401.40
664.04	395.50
664.29	399.60
664.55	393.00
664.80	396.60
665.06	410.70
665.31	412.20
665.56	412.30
665.82	414.40
666.07	412.90
666.33	407.50
666.58	420.30
666.84	434.40
667.09	420.70
667.35	423.40
667.60	423.90
667.86	430.10
668.11	423.70
668.37	421.40
668.62	430.90
668.88	427.10
669.13	431.50
669.39	427.20
669.64	436.00
669.90	435.80
670.15	438.80
670.41	428.00
670.66	433.50
670.92	436.80
671.17	441.60
671.43	439.40
671.68	436.80
671.94	442.10
672.19	442.60
672.44	429.40
672.70	441.40
672.95	447.10
673.21	444.30
673.46	437.70
673.72	445.00
673.97	444.20
674.23	443.60
674.48	453.20
674.74	460.40
674.99	462.70
675.25	452.50
675.50	452.80
675.75	454.60
676.01	462.60
676.26	460.90
676.52	460.50
676.77	463.00
677.03	454.90
677.28	460.20
677.54	459.10
677.79	451.00
678.05	462.50
678.30	460.00
678.55	450.30
678.81	473.20
679.06	475.20
679.32	461.20
679.57	461.10
679.83	458.70
680.08	467.20
680.34	466.30
680.59	462.90
680.84	466.60
681.10	471.60
681.35	474.70
681.61	474.40
681.86	476.00
682.12	479.50
682.37	475.70
682.62	471.90
682.88	481.40
683.13	478.90
683.39	479.10
683.64	481.10
683.90	483.80
684.15	481.50
684.40	477.70
684.66	477.00
684.91	480.00
685.17	490.40
685.42	485.60
685.68	487.10
685.93	483.80
686.18	497.00
686.44	502.90
686.69	497.40
686.95	497.30
687.20	493.80
687.46	503.50
687.71	498.80
687.96	507.90
688.22	509.50
688.47	511.70
688.73	514.80
688.98	507.60
689.23	513.50
689.49	511.30
689.74	510.40
690.00	515.90
690.25	515.90
690.50	520.10
690.76	516.20
691.01	524.30
691.27	538.20
691.52	528.60
691.77	529.20
692.03	538.90
692.28	546.90
692.54	533.20
692.79	530.20
693.04	541.20
693.30	544.70
693.55	536.30
693.81	531.90
694.06	536.80
694.31	547.30
694.57	552.80
694.82	560.20
695.08	565.90
695.33	575.80
695.58	574.30
695.84	579.80
696.09	573.10
696.34	580.60
696.60	592.80
696.85	590.90
697.11	585.00
697.36	586.30
697.61	595.30
697.87	595.60
698.12	595.90
698.37	611.20
698.63	607.20
698.88	598.20
699.14	608.40
699.39	614.00
699.64	625.40
699.90	618.30
700.15	622.20
700.40	630.30
700.66	632.00
700.91	638.00
701.17	645.60
701.42	638.50
701.67	642.50
701.93	643.00
702.18	651.00
702.43	663.80
702.69	664.50
702.94	656.80
703.19	650.00
703.45	665.50
703.70	667.00
703.95	674.50
704.21	678.10
704.46	688.20
704.72	695.50
704.97	702.40
705.22	705.50
705.48	694.10
705.73	702.30
705.98	708.60
706.24	716.60
706.49	720.90
706.74	726.70
707.00	731.10
707.25	738.30
707.50	751.70
707.76	749.10
708.01	739.90
708.26	758.80
708.52	764.20
708.77	765.40
709.02	760.50
709.28	771.60
709.53	760.70
709.78	784.00
710.04	789.20
710.29	792.30
710.54	804.30
710.80	799.60
711.05	804.60
711.30	814.80
711.56	823.50
711.81	827.60
712.06	837.20
712.32	843.20
712.57	853.40
712.82	851.40
713.08	841.30
713.33	859.90
713.58	860.20
713.84	868.60
714.09	871.40
714.34	878.30
714.59	886.30
714.85	888.70
715.10	887.00
715.35	891.80
715.61	897.00
715.86	898.50
716.11	896.80
716.37	900.80
716.62	918.40
716.87	924.50
717.13	921.40
717.38	939.20
717.63	939.30
717.89	944.50
718.14	935.90
718.39	941.30
718.64	939.00
718.90	954.50
719.15	955.60
719.40	966.10
719.66	967.70
719.91	973.30
720.16	973.00
720.41	972.00
720.67	993.40
720.92	987.30
721.17	987.80
721.43	1008.70
721.68	998.70
721.93	998.40
722.19	994.40
722.44	1008.20
722.69	1017.80
722.94	1018.70
723.20	1021.30
723.45	1011.90
723.70	1017.80
723.95	1024.20
724.21	1036.60
724.46	1031.00
724.71	1029.80
724.97	1026.00
725.22	1049.80
725.47	1058.50
725.72	1060.60
725.98	1047.50
726.23	1049.40
726.48	1052.30
726.74	1065.90
726.99	1060.00
727.24	1074.10
727.49	1081.00
727.75	1077.80
728.00	1079.50
728.25	1072.40
728.50	1078.60
728.76	1075.00
729.01	1082.80
729.26	1077.60
729.51	1090.40
729.77	1092.80
730.02	1075.50
730.27	1075.30
730.52	1081.60
730.78	1073.30
731.03	1069.80
731.28	1085.80
731.53	1095.40
731.79	1099.40
732.04	1089.90
732.29	1092.90
732.54	1106.20
732.80	1102.20
733.05	1093.60
733.30	1097.30
733.55	1097.30
733.81	1106.20
734.06	1097.50
734.31	1092.60
734.56	1098.00
734.82	1107.40
735.07	1110.00
735.32	1105.60
735.57	1112.10
735.83	1110.80
736.08	1101.00
736.33	1107.80
736.58	1107.90
736.84	1110.80
737.09	1106.90
737.34	1108.10
737.59	1102.40
737.84	1110.50
738.10	1124.60
738.35	1132.50
738.60	1126.70
738.85	1135.90
739.11	1124.50
739.36	1124.80
739.61	1124.60
739.86	1117.60
740.11	1122.40
740.37	1126.50
740.62	1133.50
740.87	1146.70
741.12	1156.60
741.38	1146.90
741.63	1132.50
741.88	1136.60
742.13	1149.90
742.38	1152.70
742.64	1167.90
742.89	1170.80
743.14	1163.70
743.39	1157.20
743.64	1162.40
743.90	1172.50
744.15	1169.00
744.40	1162.90
744.65	1162.30
744.90	1154.60
745.16	1158.70
745.41	1166.50
745.66	1174.20
745.91	1188.00
746.16	1173.50
746.42	1169.80
746.67	1185.60
746.92	1196.40
747.17	1201.20
747.42	1208.50
747.68	1201.20
747.93	1214.40
748.18	1219.90
748.43	1229.40
748.68	1228.80
748.94	1228.30
749.19	1231.20
749.44	1239.50
749.69	1234.40
749.94	1235.00
750.19	1237.50
750.45	1236.20
750.70	1247.60
750.95	1259.70
751.20	1260.40
751.45	1253.50
751.71	1257.40
751.96	1256.40
752.21	1273.70
752.46	1259.50
752.71	1283.00
752.96	1286.10
753.22	1304.00
753.47	1292.80
753.72	1286.00
753.97	1305.90
754.22	1304.20
754.47	1304.70
754.73	1315.80
754.98	1311.00
755.23	1317.10
755.48	1319.50
755.73	1329.70
755.98	1326.40
756.24	1331.60
756.49	1342.40
756.74	1347.40
756.99	1349.50
757.24	1347.70
757.49	1352.60
757.74	1369.10
758.00	1366.60
758.25	1359.80
758.50	1373.20
758.75	1387.00
759.00	1395.70
759.25	1397.40
759.51	1397.90
759.76	1399.10
760.01	1416.00
760.26	1430.80
760.51	1417.50
760.76	1428.20
761.01	1444.00
761.27	1441.10
761.52	1442.80
761.77	1447.30
762.02	1459.70
762.27	1463.90
762.52	1470.30
762.77	1486.10
763.02	1502.40
763.28	1518.50
763.53	1513.00
763.78	1519.00
764.03	1526.70
764.28	1533.10
764.53	1534.00
764.78	1556.30
765.03	1550.20
765.29	1556.50
765.54	1576.80
765.79	1603.90
766.04	1595.80
766.29	1603.40
766.54	1605.80
766.79	1613.00
767.04	1630.20
767.30	1647.90
767.55	1652.80
767.80	1673.50
768.05	1675.60
768.30	1689.10
768.55	1696.40
768.80	1696.80
769.05	1703.30
769.30	1728.00
769.56	1735.80
769.81	1750.40
770.06	1736.40
770.31	1773.40
770.56	1778.00
770.81	1782.40
771.06	1803.70
771.31	1810.40
771.56	1830.80
771.82	1842.90
772.07	1846.20
772.32	1867.00
772.57	1871.50
772.82	1881.60
773.07	1896.30
773.32	1901.00
773.57	1906.30
773.82	1923.50
774.07	1943.40
774.32	1956.40
774.58	1967.90
774.83	1987.90
775.08	1986.70
775.33	2003.70
775.58	2001.20
775.83	2017.30
776.08	2030.80
776.33	2036.60
776.58	2047.50
776.83	2081.10
777.08	2097.20
777.33	2109.70
777.59	2115.50
777.84	2131.40
778.09	2136.90
778.34	2143.90
778.59	2145.60
778.84	2174.00
779.09	2191.20
779.34	2194.40
779.59	2201.30
779.84	2208.70
780.09	2252.60
780.34	2252.20
780.59	2237.00
780.84	2267.50
781.10	2296.50
781.35	2292.90
781.60	2305.30
781.85	2325.10
782.10	2326.90
782.35	2334.10
782.60	2343.60
782.85	2347.50
783.10	2375.10
783.35	2374.10
783.60	2373.60
783.85	2415.90
784.10	2416.30
784.35	2427.70
784.60	2435.50
784.85	2464.40
785.10	2433.60
785.35	2466.90
785.61	2476.60
785.86	2486.50
786.11	2522.70
786.36	2517.70
786.61	2520.00
786.86	2535.20
787.11	2533.20
787.36	2542.80
787.61	2564.70
787.86	2590.50
788.11	2599.00
788.36	2596.10
788.61	2587.20
788.86	2611.10
789.11	2610.40
789.36	2625.70
789.61	2640.80
789.86	2659.50
790.11	2672.90
790.36	2660.30
790.61	2675.20
790.86	2675.40
791.11	2678.60
791.36	2685.50
791.61	2673.70
791.86	2731.60
792.11	2725.40
792.36	2725.10
792.61	2738.60
792.86	2751.50
793.11	2753.20
793.36	2752.60
793.61	2768.90
793.87	2780.80
794.12	2787.70
794.37	2771.10
794.62	2757.70
794.87	2772.50
795.12	2780.40
795.37	2806.80
795.62	2812.90
795.87	2794.60
796.12	2813.70
796.37	2835.80
796.62	2818.70
796.87	2832.60
797.12	2837.60
797.37	2850.70
797.62	2856.00
797.87	2866.30
798.12	2846.00
798.37	2879.80
798.62	2887.50
798.87	2871.50
799.12	2851.30
799.37	2849.20
799.62	2869.00
799.87	2913.20
800.12	2891.50
800.37	2899.30
800.62	2902.60
800.87	2905.40
801.12	2912.30
801.37	2906.70
801.61	2879.70
801.86	2889.10
802.11	2907.10
802.36	2919.00
802.61	2918.10
802.86	2932.70
803.11	2924.80
803.36	2918.50
803.61	2927.80
803.86	2920.00
804.11	2947.80
804.36	2922.70
804.61	2948.10
804.86	2970.60
805.11	2961.90
805.36	2961.60
805.61	2936.00
805.86	2942.20
806.11	2928.80
806.36	2927.60
806.61	2919.70
806.86	2932.90
807.11	2962.60
807.36	2954.50
807.61	2947.80
807.86	2938.70
808.11	2951.40
808.36	2951.20
808.61	2965.50
808.86	2971.90
809.11	2987.20
809.36	2964.30
809.60	2944.90
809.85	2962.00
810.10	2943.20
810.35	2959.00
810.60	2954.50
810.85	2978.60
811.10	2966.90
811.35	2980.80
811.60	2984.80
811.85	2981.00
812.10	2964.50
812.35	2923.10
812.60	2931.30
812.85	2928.40
813.10	2961.80
813.35	2967.40
813.60	2944.30
813.85	2962.50
814.09	2947.60
814.34	2947.20
814.59	2945.10
814.84	2944.60
815.09	2959.60
815.34	2953.80
815.59	2934.20
815.84	2942.70
816.09	2942.00
816.34	2947.30
816.59	2935.80
816.84	2942.80
817.09	2950.00
817.34	2947.80
817.58	2938.80
817.83	2926.10
818.08	2951.80
818.33	2966.00
818.58	2943.50
818.83	2963.10
819.08	2952.80
819.33	2958.40
819.58	2953.40
819.83	2946.00
820.08	2954.40
820.33	2966.10
820.57	2952.00
820.82	2974.10
821.07	2983.90
821.32	2972.20
821.57	2969.50
821.82	2962.00
822.07	2950.70
822.32	2945.30
822.57	2952.70
822.82	2970.80
823.07	2982.10
823.31	2998.40
823.56	2999.00
823.81	2982.10
824.06	2984.70
824.31	2997.50
824.56	2966.20
824.81	2984.40
825.06	2978.50
825.31	2977.80
825.55	2977.40
825.80	3011.90
826.05	3014.80
826.30	3005.60
826.55	2991.90
826.80	3001.40
827.05	3019.90
827.30	3005.50
827.55	3007.90
827.79	3016.90
828.04	3022.30
828.29	3007.50
828.54	3030.70
828.79	3022.30
829.04	3012.00
829.29	3035.50
829.54	3046.30
829.78	3049.90
830.03	3044.30
830.28	3034.30
830.53	3038.10
830.78	3030.50
831.03	3051.70
831.28	3028.30
831.53	3048.80
831.77	3053.50
832.02	3062.20
832.27	3078.90
832.52	3067.80
832.77	3047.20
833.02	3060.40
833.27	3075.50
833.51	3094.20
833.76	3080.30
834.01	3100.10
834.26	3097.90
834.51	3096.90
834.76	3103.90
835.01	3105.70
835.25	3107.20
835.50	3105.50
835.75	3092.30
836.00	3125.00
836.25	3140.80
836.50	3139.00
836.75	3137.10
836.99	3141.90
837.24	3158.50
837.49	3155.80
837.74	3135.00
837.99	3133.20
838.24	3164.20
838.48	3185.10
838.73	3197.20
838.98	3194.60
839.23	3206.10
839.48	3206.90
839.73	3200.50
839.97	3206.70
840.22	3181.70
840.47	3180.90
840.72	3193.50
840.97	3209.10
841.22	3226.30
841.46	3240.60
841.71	3216.30
841.96	3205.20
842.21	3192.30
842.46	3226.00
842.71	3235.10
842.95	3228.40
843.20	3241.70
843.45	3259.30
843.70	3256.90
843.95	3274.90
844.20	3257.60
844.44	3232.00
844.69	3266.50
844.94	3276.80
845.19	3270.80
845.44	3298.00
845.68	3308.10
845.93	3303.20
846.18	3276.70
846.43	3269.00
846.68	3281.80
846.92	3298.40
847.17	3294.50
847.42	3293.20
847.67	3313.00
847.92	3308.40
848.16	3324.20
848.41	3354.60
848.66	3359.50
848.91	3337.80
849.16	3356.20
849.40	3325.30
849.65	3324.60
849.90	3337.40
850.15	3358.50
850.40	3382.70
850.64	3368.90
850.89	3377.00
851.14	3371.60
851.39	3374.40
851.64	3394.30
851.88	3393.10
852.13	3422.10
852.38	3421.10
852.63	3431.00
852.87	3438.20
853.12	3431.00
853.37	3431.40
853.62	3457.30
853.87	3450.20
854.11	3456.70
854.36	3446.60
854.61	3440.70
854.86	3433.10
855.10	3442.20
855.35	3451.90
855.60	3467.30
855.85	3453.00
856.10	3450.40
856.34	3434.80
856.59	3458.30
856.84	3448.20
857.09	3450.40
857.33	3465.00
857.58	3479.20
857.83	3454.60
858.08	3480.90
858.32	3475.00
858.57	3451.70
858.82	3477.60
859.07	3473.90
859.31	3441.70
859.56	3449.50
859.81	3466.20
860.06	3472.30
860.30	3477.20
860.55	3494.10
860.80	3468.20
861.05	3492.90
861.29	3496.30
861.54	3491.80
861.79	3473.80
862.04	3465.10
862.28	3430.60
862.53	3447.90
862.78	3426.30
863.03	3425.10
863.27	3438.70
863.52	3436.70
863.77	3441.10
864.02	3463.70
864.26	3472.40
864.51	3463.50
864.76	3482.60
865.01	3464.40
865.25	3444.00
865.50	3437.00
865.75	3431.00
866.00	3420.20
866.24	3397.20
866.49	3416.80
866.74	3407.10
866.98	3398.40
867.23	3407.00
867.48	3428.30
867.73	3414.40
867.97	3390.20
868.22	3389.60
868.47	3399.50
868.71	3367.20
868.96	3364.90
869.21	3363.90
869.46	3361.00
869.70	3346.30
869.95	3373.20
870.20	3367.50
870.44	3367.30
870.69	3342.90
870.94	3339.20
871.19	3343.20
871.43	3357.80
871.68	3312.20
871.93	3317.50
872.17	3295.30
872.42	3295.00
872.67	3286.60
872.92	3267.20
873.16	3240.40
873.41	3231.60
873.66	3218.30
873.90	3219.50
874.15	3254.60
874.40	3242.10
874.64	3202.80
874.89	3200.70
875.14	3190.80
875.39	3194.00
875.63	3202.30
875.88	3214.40
876.13	3203.60
876.37	3178.60
876.62	3171.90
876.87	3177.80
877.11	3154.80
877.36	3099.40
877.61	3099.40
877.85	3099.00
878.10	3103.40
878.35	3138.50
878.59	3089.50
878.84	3092.10
879.09	3056.40
879.33	3067.10
879.58	3026.80
879.83	3034.10
880.07	3038.20
880.32	3037.10
880.57	2995.10
880.81	2980.90
881.06	2997.40
881.31	2990.00
881.55	2985.80
881.80	2972.70
882.05	2964.30
882.29	2939.90
882.54	2938.50
882.79	2941.50
883.03	2919.90
883.28	2917.30
883.53	2900.20
883.77	2915.50
884.02	2882.10
884.27	2865.10
884.51	2853.30
884.76	2836.80
885.01	2799.70
885.25	2822.70
885.50	2831.70
885.75	2821.50
885.99	2792.30
886.24	2789.60
886.49	2779.40
886.73	2762.20
886.98	2737.40
887.23	2741.50
887.47	2724.60
887.72	2696.10
887.96	2722.50
888.21	2712.10
888.46	2707.50
888.70	2687.70
888.95	2666.60
889.20	2674.40
889.44	2653.80
889.69	2639.20
889.94	2635.60
890.18	2610.00
890.43	2595.90
890.67	2581.70
890.92	2561.40
891.17	2559.40
891.41	2565.90
891.66	2544.60
891.91	2532.00
892.15	2513.40
892.40	2515.80
892.64	2520.80
892.89	2528.20
893.14	2513.30
893.38	2487.80
893.63	2473.10
893.88	2462.90
894.12	2438.60
894.37	2428.30
894.61	2408.40
894.86	2429.70
895.11	2411.70
895.35	2404.00
895.60	2413.60
895.84	2383.90
896.09	2380.50
896.34	2356.00
896.58	2350.30
896.83	2344.00
897.07	2317.60
897.32	2321.90
897.57	2328.80
897.81	2306.40
898.06	2294.80
898.30	2288.10
898.55	2272.00
898.80	2257.90
899.04	2254.20
899.29	2240.80
899.53	2236.80
899.78	2231.00
900.03	2220.90
900.27	2195.30
900.52	2196.70
900.76	2169.70
901.01	2173.70
901.26	2161.10
901.50	2161.00
901.75	2152.40
901.99	2151.80
902.24	2137.80
902.48	2112.60
902.73	2110.30
902.98	2111.70
903.22	2105.80
903.47	2099.90
903.71	2089.50
903.96	2077.50
904.21	2055.20
904.45	2057.20
904.70	2044.10
904.94	2034.40
905.19	2030.00
905.43	2020.90
905.68	2018.70
905.93	2026.30
906.17	2005.90
906.42	2005.80
906.66	1987.70
906.91	1973.20
907.15	1956.80
907.40	1936.20
907.64	1947.40
907.89	1954.90
908.14	1934.90
908.38	1920.00
908.63	1913.40
908.87	1919.60
909.12	1922.00
909.36	1918.90
909.61	1915.50
909.85	1899.00
910.10	1887.60
910.35	1884.30
910.59	1877.80
910.84	1851.30
911.08	1864.30
911.33	1869.40
911.57	1853.80
911.82	1846.30
912.06	1834.10
912.31	1807.70
912.55	1808.20
912.80	1807.00
913.05	1814.30
913.29	1798.40
913.54	1800.20
913.78	1791.40
914.03	1773.30
914.27	1762.30
914.52	1758.80
914.76	1762.30
915.01	1750.70
915.25	1733.00
915.50	1719.70
915.74	1729.90
915.99	1741.70
916.23	1724.00
916.48	1723.70
916.72	1714.00
916.97	1700.20
917.22	1680.60
917.46	1678.70
917.71	1673.40
917.95	1670.20
918.20	1678.80
918.44	1662.30
918.69	1662.10
918.93	1666.10
919.18	1663.60
919.42	1666.20
919.67	1657.90
919.91	1659.20
920.16	1634.50
920.40	1618.10
920.65	1633.50
920.89	1629.50
921.14	1620.00
921.38	1599.40
921.63	1584.60
921.87	1593.50
922.12	1578.90
922.36	1582.20
922.61	1589.20
922.85	1577.20
923.10	1583.70
923.34	1565.40
923.59	1552.00
923.83	1535.90
924.08	1534.80
924.32	1555.30
924.57	1552.50
924.81	1554.70
925.06	1561.20
925.30	1575.00
925.55	1558.80
925.79	1561.30
926.04	1550.70
926.28	1548.90
926.53	1544.40
926.77	1529.00
927.01	1526.30
927.26	1532.50
927.50	1521.70
927.75	1520.40
927.99	1517.80
928.24	1515.30
928.48	1504.70
928.73	1500.20
928.97	1486.70
929.22	1474.10
929.46	1483.60
929.71	1490.40
929.95	1474.10
930.20	1463.30
930.44	1456.30
930.69	1440.20
930.93	1434.20
931.17	1446.90
931.42	1445.00
931.66	1426.30
931.91	1427.40
932.15	1397.80
932.40	1400.30
932.64	1404.00
932.89	1387.50
933.13	1369.90
933.38	1362.80
933.62	1365.70
933.86	1352.10
934.11	1345.20
934.35	1341.20
934.60	1318.10
934.84	1306.60
935.09	1299.20
935.33	1290.00
935.58	1282.40
935.82	1262.00
936.06	1251.50
936.31	1244.10
936.55	1238.20
936.80	1225.40
937.04	1210.40
937.29	1193.30
937.53	1176.60
937.78	1165.70
938.02	1162.70
938.26	1145.00
938.51	1125.90
938.75	1125.30
939.00	1115.60
939.24	1106.80
939.49	1098.90
939.73	1105.60
939.97	1085.70
940.22	1072.40
940.46	1076.10
940.71	1064.70
940.95	1064.70
941.20	1062.70
941.44	1058.10
941.68	1066.00
941.93	1071.00
942.17	1056.70
942.42	1052.90
942.66	1044.00
942.90	1051.00
943.15	1040.30
943.39	1045.00
943.64	1049.30
943.88	1056.60
944.12	1052.20
944.37	1053.90
944.61	1052.10
944.86	1067.40
945.10	1063.80
945.35	1048.50
945.59	1052.90
945.83	1053.60
946.08	1047.80
946.32	1042.50
946.57	1047.30
946.81	1056.50
947.05	1064.50
947.30	1055.70
947.54	1067.40
947.78	1072.60
948.03	1076.30
948.27	1075.30
948.52	1073.60
948.76	1074.30
949.00	1085.50
949.25	1084.40
949.49	1089.80
949.74	1094.00
949.98	1091.60
950.22	1097.10
950.47	1092.80
950.71	1114.00
950.95	1110.70
951.20	1107.60
951.44	1111.60
951.69	1109.90
951.93	1113.70
952.17	1118.10
952.42	1120.50
952.66	1109.20
952.90	1099.80
953.15	1112.60
953.39	1098.60
953.64	1097.70
953.88	1112.30
954.12	1106.60
954.37	1119.70
954.61	1098.20
954.85	1108.80
955.10	1113.30
955.34	1119.50
955.58	1108.50
955.83	1114.30
956.07	1107.50
956.32	1109.40
956.56	1121.30
956.80	1124.00
957.05	1125.00
957.29	1117.40
957.53	1115.70
957.78	1128.30
958.02	1109.80
958.26	1117.90
958.51	1112.20
958.75	1114.50
958.99	1123.80
959.24	1129.30
959.48	1130.00
959.72	1122.90
959.97	1123.00
960.21	1117.70
960.45	1106.80
960.70	1113.70
960.94	1111.20
961.18	1108.90
961.43	1114.50
961.67	1098.30
961.91	1097.80
962.16	1105.60
962.40	1110.70
962.64	1092.60
962.89	1087.80
963.13	1091.10
963.37	1094.60
963.62	1090.50
963.86	1103.10
964.10	1105.40
964.35	1093.60
964.59	1087.80
964.83	1097.50
965.08	1095.80
965.32	1073.60
965.56	1074.00
965.81	1084.40
966.05	1091.90
966.29	1079.40
966.54	1069.40
966.78	1074.50
967.02	1071.20
967.27	1071.10
967.51	1070.80
967.75	1066.70
967.99	1045.80
968.24	1038.50
968.48	1049.90
968.72	1042.60
968.97	1046.60
969.21	1044.80
969.45	1039.90
969.70	1037.90
969.94	1029.10
970.18	1033.60
970.42	1050.10
970.67	1048.20
970.91	1024.90
971.15	1028.00
971.40	1043.90
971.64	1031.10
971.88	1032.50
972.12	1015.70
972.37	1019.20
972.61	1009.40
972.85	1010.50
973.10	1006.60
973.34	996.10
973.58	989.50
973.82	983.10
974.07	976.90
974.31	982.20
974.55	970.90
974.80	955.80
975.04	956.10
975.28	949.90
975.52	952.50
975.77	947.50
976.01	940.10
976.25	954.50
976.50	944.50
976.74	928.30
976.98	925.30
977.22	933.60
977.47	936.30
977.71	919.90
977.95	917.50
978.19	932.60
978.44	920.80
978.68	924.90
978.92	910.40
979.16	902.20
979.41	903.10
979.65	908.80
979.89	901.80
980.13	889.40
980.38	876.90
980.62	880.10
980.86	887.50
981.10	875.80
981.35	868.70
981.59	860.60
981.83	862.20
982.07	859.60
982.32	859.50
982.56	843.00
982.80	844.50
983.04	835.80
983.29	839.60
983.53	829.80
983.77	823.30
984.01	826.70
984.26	817.80
984.50	809.70
984.74	816.40
984.98	809.50
985.23	788.20
985.47	801.90
985.71	786.00
985.95	788.60
986.19	794.30
986.44	791.30
986.68	783.60
986.92	777.60
987.16	785.20
987.41	768.50
987.65	754.50
987.89	757.00
988.13	751.80
988.37	751.50
988.62	754.60
988.86	741.60
989.10	747.90
989.34	738.30
989.59	731.80
989.83	729.30
990.07	728.50
990.31	725.50
990.55	715.30
990.80	711.00
991.04	711.70
991.28	722.20
991.52	691.20
991.76	690.30
992.01	700.50
992.25	683.70
992.49	681.80
992.73	687.50
992.97	675.00
993.22	675.10
993.46	671.90
993.70	663.80
993.94	671.60
994.18	667.80
994.43	654.70
994.67	658.50
994.91	664.60
995.15	652.50
995.39	647.40
995.64	637.00
995.88	633.60
996.12	636.20
996.36	626.00
996.60	624.70
996.84	621.60
997.09	621.80
997.33	602.00
997.57	604.50
997.81	605.90
998.05	602.70
998.30	595.00
998.54	591.30
998.78	587.20
999.02	575.20
999.26	571.10
999.50	580.20
999.75	583.20
999.99	562.90
1000.23	564.60
1000.47	561.50
1000.71	556.60
1000.95	563.70
1001.20	558.70
1001.44	544.50
1001.68	537.10
1001.92	538.30
1002.16	536.70
1002.40	529.80
1002.65	530.90
1002.89	526.70
1003.13	516.30
1003.37	517.50
1003.61	517.50
1003.85	511.70
1004.09	508.40
1004.34	505.80
1004.58	503.70
1004.82	493.80
1005.06	487.90
1005.30	488.80
1005.54	498.40
1005.78	486.70
1006.03	470.20
1006.27	473.90
1006.51	476.10
1006.75	473.50
1006.99	464.90
1007.23	465.20
1007.47	460.30
1007.72	456.10
1007.96	458.30
1008.20	464.30
1008.44	453.40
1008.68	452.70
1008.92	446.90
1009.16	447.30
1009.40	457.90
1009.65	460.00
1009.89	450.20
1010.13	439.90
1010.37	427.30
1010.61	431.70
1010.85	426.40
1011.09	427.00
1011.33	423.20
1011.58	425.40
1011.82	425.60
1012.06	429.50
1012.30	431.50
1012.54	429.80
1012.78	417.40
1013.02	418.80
1013.26	405.30
1013.50	410.30
1013.75	416.30
1013.99	409.90
1014.23	406.80
1014.47	408.10
1014.71	394.80
1014.95	396.80
1015.19	400.50
1015.43	403.00
1015.67	397.10
1015.92	391.90
1016.16	386.10
1016.40	385.00
1016.64	388.00
1016.88	390.00
1017.12	397.60
1017.36	382.90
1017.60	378.50
1017.84	382.70
1018.08	378.80
1018.32	379.50
1018.57	379.10
1018.81	382.20
1019.05	375.40
1019.29	377.00
1019.53	372.40
1019.77	369.60
1020.01	368.40
1020.25	368.50
1020.49	360.90
1020.73	356.60
1020.97	356.40
1021.21	356.70
1021.45	363.10
1021.70	367.50
1021.94	354.60
1022.18	347.80
1022.42	349.70
1022.66	348.00
1022.90	347.50
1023.14	347.20
1023.38	346.10
1023.62	347.90
1023.86	341.30
1024.10	335.80
1024.34	332.90
1024.58	324.40
1024.82	327.50
1025.06	326.50
1025.31	324.20
1025.55	320.40
1025.79	315.40
1026.03	320.10
1026.27	315.40
1026.51	310.10
1026.75	316.60
1026.99	310.40
1027.23	305.90
1027.47	297.40
1027.71	296.60
1027.95	303.80
1028.19	303.70
1028.43	289.60
1028.67	295.10
1028.91	296.70
1029.15	297.00
1029.39	292.00
1029.63	285.50
1029.87	295.00
1030.11	297.90
1030.36	287.10
1030.60	281.60
1030.84	281.10
1031.08	281.90
1031.32	272.40
1031.56	277.10
1031.80	274.10
1032.04	275.20
1032.28	278.80
1032.52	276.10
1032.76	264.50
1033.00	270.70
1033.24	268.60
1033.48	265.10
1033.72	260.40
1033.96	266.50
1034.20	265.60
1034.44	261.90
1034.68	263.30
1034.92	268.80
1035.16	269.40
1035.40	268.60
1035.64	257.90
1035.88	253.90
1036.12	247.50
1036.36	254.70
1036.60	246.90
1036.84	252.70
1037.08	246.80
1037.32	238.40
1037.56	239.20
1037.80	238.90
1038.04	231.10
1038.28	242.60
1038.52	239.20
1038.76	239.80
1039.00	246.40
1039.24	230.60
1039.48	238.80
1039.72	236.70
1039.96	233.70
1040.20	222.50
1040.44	219.90
1040.68	226.20
1040.92	219.10
1041.16	217.50
1041.40	217.50
1041.64	221.60
1041.88	224.50
1042.12	228.00
1042.36	228.50
1042.60	217.90
1042.84	217.10
1043.08	222.00
1043.32	214.80
1043.56	215.90
1043.80	207.90
1044.04	203.80
1044.28	202.90
1044.52	197.10
1044.76	202.40
1045.00	206.60
1045.24	210.60
1045.48	201.20
1045.72	206.40
1045.96	221.20
1046.19	196.80
1046.43	191.90
1046.67	196.70
1046.91	199.60
1047.15	191.30
1047.39	190.70
1047.63	191.10
1047.87	177.60
1048.11	186.90
1048.35	178.60
1048.59	188.70
1048.83	186.30
1049.07	182.30
1049.31	186.00
1049.55	171.10
1049.79	166.10
1050.03	182.00
1050.27	183.00
1050.51	179.90
1050.75	182.90
1050.99	186.30
1051.22	184.60
1051.46	179.10
1051.70	177.10
1051.94	181.00
1052.18	181.60
1052.42	174.30
1052.66	169.20
1052.90	171.70
1053.14	169.90
1053.38	173.20
1053.62	176.20
1053.86	173.00
1054.10	161.80
1054.34	168.60
1054.58	161.80
1054.81	163.90
1055.05	164.00
1055.29	175.30
1055.53	174.50
1055.77	162.60
1056.01	159.80
1056.25	161.90
1056.49	157.00
1056.73	153.50
1056.97	152.20
1057.21	157.30
1057.45	155.10
1057.69	155.50
1057.92	156.40
1058.16	148.80
1058.40	146.30
1058.64	154.50
1058.88	152.00
1059.12	149.30
1059.36	147.50
1059.60	140.50
1059.84	150.80
1060.08	144.30
1060.31	145.20
1060.55	141.10
1060.79	144.40
1061.03	139.20
1061.27	127.10
1061.51	136.70
1061.75	137.00
1061.99	136.10
1062.23	135.30
1062.47	138.80
1062.70	142.50
1062.94	140.40
1063.18	133.40
1063.42	132.50
1063.66	132.30
1063.90	132.70
1064.14	130.70
1064.38	125.60
1064.62	128.20
1064.85	126.60
1065.09	127.80
1065.33	138.20
1065.57	136.40
1065.81	131.00
1066.05	125.60
1066.29	130.60
1066.53	143.70
1066.76	129.00
1067.00	121.80
1067.24	126.10
1067.48	127.10
1067.72	124.90
1067.96	117.30
1068.20	124.20
1068.43	121.20
1068.67	124.10
1068.91	127.30
1069.15	127.80
1069.39	124.50
1069.63	124.00
1069.87	117.70
1070.11	116.60
1070.34	122.90
1070.58	123.00
1070.82	120.00
1071.06	128.40
1071.30	118.60
1071.54	111.90
1071.77	118.20
1072.01	118.40
1072.25	115.10
1072.49	116.00
1072.73	114.10
1072.97	117.00
1073.21	113.40
1073.44	117.50
1073.68	112.20
1073.92	108.10
1074.16	113.60
1074.40	107.90
1074.64	109.30
1074.87	109.30
1075.11	107.40
1075.35	116.60
1075.59	107.30
1075.83	102.60
1076.07	106.00
1076.30	108.70
1076.54	107.90
1076.78	107.50
1077.02	104.50
1077.26	106.60
1077.50	107.90
1077.73	103.80
1077.97	111.10
1078.21	104.60
1078.45	103.60
1078.69	105.80
1078.92	108.90
1079.16	99.80
1079.40	99.50
1079.64	102.60
1079.88	103.90
1080.12	100.40
1080.35	99.60
1080.59	98.90
1080.83	93.70
1081.07	94.00
1081.31	96.80
1081.54	100.50
1081.78	94.50
1082.02	94.70
1082.26	102.30
1082.50	96.40
1082.73	80.60
1082.97	83.50
1083.21	86.20
1083.45	86.60
1083.69	87.10
1083.92	77.70
1084.16	89.90
1084.40	93.90
1084.64	88.10
1084.88	84.20
1085.11	81.60
1085.35	78.50
1085.59	84.90
1085.83	80.20
1086.06	79.80
1086.30	83.00
1086.54	76.50
1086.78	85.30
1087.02	83.40
1087.25	81.10
1087.49	76.50
1087.73	73.30
1087.97	69.20
1088.20	73.20
1088.44	85.00
1088.68	79.60
1088.92	73.50
1089.16	71.90
1089.39	73.80
1089.63	62.80
1089.87	64.10
1090.11	70.30
1090.34	73.60
1090.58	72.10
1090.82	63.60
1091.06	64.80
1091.29	68.40
1091.53	63.80
1091.77	56.80
1092.01	67.30
1092.24	62.50
1092.48	57.40
1092.72	57.90
1092.96	56.20
1093.20	56.00
1093.43	47.90
1093.67	60.70
1093.91	55.30
1094.15	59.60
1094.38	60.70
1094.62	57.40
1094.86	56.60
1095.09	51.10
1095.33	50.90
1095.57	47.20
1095.81	49.50
1096.04	44.40
1096.28	45.60
1096.52	54.50
1096.76	48.70
1096.99	46.30
1097.23	47.80
1097.47	38.50
1097.71	37.50
1097.94	46.00
1098.18	43.70
1098.42	45.20
1098.65	49.60
1098.89	48.80
1099.13	50.40
1099.37	44.30
1099.60	41.40
1099.84	42.90
1100.08	45.40
1100.32	29.80
1100.55	36.70
1100.79	41.10
1101.03	41.60
1101.26	42.00
1101.50	31.80
1101.74	31.30
1101.98	42.10
1102.21	33.80
1102.45	34.60
1102.69	34.90
1102.92	36.50
1103.16	38.50
1103.40	33.20
1103.64	28.20
1103.87	32.80
1104.11	43.30
1104.35	27.90
1104.58	27.80
1104.82	22.80
1105.06	24.90
1105.29	30.50
1105.53	30.10
1105.77	27.30
1106.00	26.20
1106.24	23.00
1106.48	30.20
1106.72	30.80
1106.95	30.90
1107.19	27.10
1107.43	24.50
1107.66	19.30
1107.90	22.80
1108.14	25.20
1108.37	22.40
1108.61	25.10
1108.85	23.50
1109.08	20.80
1109.32	27.90
1109.56	23.70
1109.79	19.80
1110.03	13.60
1110.27	28.90
1110.50	21.50
1110.74	18.50
1110.98	20.60
1111.21	24.80
1111.45	25.60
1111.69	21.00
1111.92	18.10
1112.16	14.40
1112.40	15.30
1112.63	20.90
1112.87	17.90
1113.11	15.50
1113.34	16.40
1113.58	10.70
1113.82	11.70
1114.05	16.50
1114.29	14.30
1114.53	18.50
1114.76	8.90
1115.00	21.50
1115.24	17.50
1115.47	17.10
1115.71	13.00
1115.95	8.10
1116.18	17.60
1116.42	17.00
1116.66	13.80
1116.89	19.80
1117.13	11.80
1117.36	14.50
1117.60	12.90
1117.84	7.30
1118.07	12.80
1118.31	12.30
1118.55	15.70
1118.78	8.80
1119.02	6.90
1119.26	8.70
1119.49	15.10
1119.73	13.70
1119.96	3.40
1120.20	11.00
1120.44	-0.80
1120.67	8.70
1120.91	8.20
1121.15	8.30
1121.38	-4.00
1121.62	6.90
