194.94	-16.60
195.21	-16.60
195.48	-16.60
195.75	-0.50
196.02	-3.30
196.29	-5.20
196.56	-2.70
196.83	10.80
197.10	7.90
197.37	0.70
197.64	4.60
197.91	10.00
198.18	8.70
198.45	-2.20
198.72	-9.30
198.99	-1.90
199.26	-3.20
199.53	6.00
199.80	6.90
200.07	2.20
200.34	10.60
200.61	11.80
200.87	-1.30
201.14	7.90
201.41	0.10
201.68	-7.20
201.95	0.70
202.22	-1.50
202.49	2.60
202.76	7.80
203.03	6.30
203.30	5.40
203.57	-5.20
203.84	-10.40
204.11	0.80
204.38	-1.20
204.65	1.90
204.92	2.40
205.19	-3.70
205.46	0.80
205.73	-1.40
206.00	-7.10
206.27	4.50
206.54	-4.10
206.80	-0.30
207.07	-8.90
207.34	-7.90
207.61	-0.90
207.88	-7.10
208.15	-3.20
208.42	3.10
208.69	4.20
208.96	3.60
209.23	-5.80
209.50	-8.60
209.77	-5.50
210.04	1.10
210.31	-4.20
210.58	-1.60
210.85	0.70
211.11	-3.50
211.38	-7.40
211.65	-1.30
211.92	6.40
212.19	5.60
212.46	-6.90
212.73	-5.20
213.00	-6.90
213.27	0.80
213.54	-0.20
213.81	3.50
214.08	6.20
214.35	-2.50
214.62	-3.60
214.88	-7.30
215.15	-2.90
215.42	1.10
215.69	-7.60
215.96	0.00
216.23	3.10
216.50	3.40
216.77	-3.50
217.04	2.00
217.31	-4.90
217.58	-9.70
217.85	-16.90
218.12	-8.20
218.38	-4.50
218.65	-1.80
218.92	-4.10
219.19	-3.30
219.46	-14.30
219.73	-2.40
220.00	-3.10
220.27	-5.90
220.54	-3.20
220.81	-3.60
221.08	-11.30
221.34	-12.90
221.61	-5.50
221.88	-4.30
222.15	-7.70
222.42	-3.80
222.69	2.20
222.96	5.70
223.23	8.90
223.50	-0.80
223.77	-2.80
224.03	-7.50
224.30	-9.30
224.57	-6.30
224.84	-0.20
225.11	-8.20
225.38	-8.00
225.65	6.30
225.92	3.60
226.19	-2.90
226.46	-6.60
226.72	1.90
226.99	-2.30
227.26	0.10
227.53	0.70
227.80	-7.90
228.07	-4.70
228.34	0.00
228.61	0.30
228.88	2.80
229.14	-4.90
229.41	-1.90
229.68	1.30
229.95	-3.30
230.22	-6.90
230.49	3.30
230.76	2.00
231.03	0.10
231.29	-0.40
231.56	-2.30
231.83	-5.20
232.10	-1.40
232.37	-7.80
232.64	3.70
232.91	1.30
233.18	-3.20
233.44	-1.40
233.71	0.10
233.98	5.20
234.25	-0.20
234.52	6.10
234.79	0.80
235.06	2.90
235.33	-2.10
235.59	-5.10
235.86	-6.80
236.13	-13.90
236.40	-13.40
236.67	-2.70
236.94	-2.70
237.21	-11.70
237.47	-6.30
237.74	-0.80
238.01	-5.70
238.28	-8.00
238.55	-11.60
238.82	1.60
239.09	1.30
239.35	-3.50
239.62	3.70
239.89	2.00
240.16	2.40
240.43	2.70
240.70	-0.40
240.97	-2.20
241.23	-5.30
241.50	-1.10
241.77	-9.50
242.04	-7.40
242.31	3.40
242.58	2.20
242.84	-4.70
243.11	-2.80
243.38	2.20
243.65	-7.10
243.92	-4.70
244.19	4.90
244.46	-0.70
244.72	-3.00
244.99	1.70
245.26	0.90
245.53	-6.30
245.80	-2.50
246.07	-10.70
246.33	-1.40
246.60	-2.30
246.87	-2.80
247.14	3.70
247.41	6.90
247.68	4.90
247.94	-0.20
248.21	-9.50
248.48	-1.30
248.75	1.10
249.02	-6.20
249.29	-4.50
249.55	-7.00
249.82	-4.60
250.09	-8.40
250.36	-11.40
250.63	-4.20
250.89	-3.70
251.16	-13.80
251.43	0.50
251.70	-4.30
251.97	-16.40
252.24	-14.00
252.50	-1.00
252.77	2.60
253.04	2.00
253.31	-3.80
253.58	-5.30
253.84	0.70
254.11	-0.60
254.38	-6.20
254.65	0.30
254.92	-4.30
255.19	-1.70
255.45	-14.30
255.72	-3.90
255.99	3.50
256.26	2.20
256.53	-0.80
256.79	-2.20
257.06	-9.40
257.33	-6.00
257.60	-0.30
257.87	1.60
258.13	4.90
258.40	0.30
258.67	-4.90
258.94	-9.30
259.21	3.40
259.47	0.60
259.74	-15.80
260.01	-14.40
260.28	-5.10
260.55	-2.30
260.81	-4.50
261.08	-10.80
261.35	-9.10
261.62	-0.70
261.89	-6.50
262.15	-0.40
262.42	-7.00
262.69	-2.60
262.96	-6.60
263.23	-4.00
263.49	2.30
263.76	-0.90
264.03	-5.10
264.30	-7.70
264.56	-10.00
264.83	-10.60
265.10	-9.00
265.37	-9.10
265.64	-3.20
265.90	-0.30
266.17	-5.20
266.44	-4.40
266.71	0.60
266.97	-0.10
267.24	-7.30
267.51	-5.20
267.78	-6.70
268.05	-2.20
268.31	-3.90
268.58	-6.10
268.85	-0.70
269.12	-4.40
269.38	-7.90
269.65	-0.90
269.92	-7.00
270.19	-12.80
270.45	-3.70
270.72	-6.30
270.99	2.60
271.26	-2.80
271.53	-10.40
271.79	-0.70
272.06	4.40
272.33	2.70
272.60	-5.10
272.86	-7.70
273.13	0.60
273.40	0.60
273.67	-4.00
273.93	-9.70
274.20	-3.20
274.47	-2.30
274.74	1.00
275.00	-7.60
275.27	-6.60
275.54	-6.60
275.81	-2.00
276.07	3.70
276.34	-0.20
276.61	6.30
276.88	-7.90
277.14	-10.50
277.41	-4.30
277.68	-1.50
277.95	1.60
278.21	-0.60
278.48	2.60
278.75	-5.10
279.02	-12.80
279.28	-9.20
279.55	-2.50
279.82	4.40
280.09	8.60
280.35	-4.40
280.62	-0.60
280.89	-2.00
281.16	-5.10
281.42	-3.80
281.69	-5.80
281.96	-3.40
282.22	0.70
282.49	-4.70
282.76	-2.30
283.03	0.20
283.29	-7.00
283.56	0.40
283.83	-1.40
284.10	-6.80
284.36	-4.20
284.63	-1.30
284.90	2.90
285.16	0.30
285.43	0.30
285.70	-4.80
285.97	-6.70
286.23	-2.10
286.50	-8.50
286.77	-4.10
287.04	-3.90
287.30	-0.90
287.57	-3.20
287.84	-0.30
288.10	-1.80
288.37	5.00
288.64	5.00
288.91	-3.40
289.17	-4.00
289.44	4.60
289.71	6.40
289.97	3.20
290.24	8.40
290.51	-0.80
290.78	-8.70
291.04	-4.50
291.31	1.70
291.58	0.00
291.84	-0.30
292.11	4.20
292.38	2.70
292.64	3.00
292.91	8.60
293.18	-2.00
293.45	-5.20
293.71	-4.80
293.98	-5.30
294.25	-10.00
294.51	3.20
294.78	-0.30
295.05	-5.40
295.31	-11.50
295.58	-5.80
295.85	-9.70
296.12	0.60
296.38	-2.90
296.65	2.20
296.92	-2.50
297.18	-6.00
297.45	-4.20
297.72	2.60
297.98	-2.00
298.25	-10.60
298.52	3.80
298.78	1.80
299.05	-0.90
299.32	5.40
299.58	0.10
299.85	-14.10
300.12	-7.70
300.39	2.70
300.65	0.70
300.92	7.40
301.19	2.70
301.45	9.10
301.72	-2.20
301.99	-0.90
302.25	-6.30
302.52	-5.70
302.79	-7.20
303.05	-5.20
303.32	-1.00
303.59	0.90
303.85	-12.80
304.12	-6.80
304.39	-11.10
304.65	-1.40
304.92	4.80
305.19	3.00
305.45	-1.60
305.72	-1.70
305.99	-6.90
306.25	-12.90
306.52	-11.60
306.79	-12.50
307.05	-0.70
307.32	-2.90
307.59	1.90
307.85	-9.10
308.12	-7.80
308.39	0.90
308.65	-1.70
308.92	6.40
309.19	-1.70
309.45	2.40
309.72	-4.30
309.98	-1.10
310.25	5.40
310.52	1.70
310.78	-6.80
311.05	-2.20
311.32	-7.30
311.58	-6.50
311.85	-0.60
312.12	-2.70
312.38	6.80
312.65	3.40
312.92	4.30
313.18	5.10
313.45	-6.00
313.72	-8.60
313.98	-0.20
314.25	-8.40
314.51	-1.00
314.78	7.90
315.05	6.60
315.31	-1.40
315.58	-11.10
315.85	0.60
316.11	1.50
316.38	1.60
316.65	-3.30
316.91	-1.70
317.18	3.10
317.44	-8.40
317.71	-9.70
317.98	-1.40
318.24	-9.10
318.51	-12.70
318.78	-1.70
319.04	6.70
319.31	2.00
319.57	2.10
319.84	-3.30
320.11	-0.30
320.37	-3.90
320.64	-7.70
320.91	-3.40
321.17	4.00
321.44	-0.30
321.70	-4.40
321.97	5.90
322.24	-0.40
322.50	-5.90
322.77	-4.80
323.03	-2.20
323.30	-6.60
323.57	-1.00
323.83	7.30
324.10	4.20
324.37	2.00
324.63	-3.80
324.90	-7.70
325.16	2.20
325.43	2.10
325.70	3.70
325.96	-3.90
326.23	4.80
326.49	7.20
326.76	-7.30
327.03	-7.10
327.29	-7.30
327.56	-1.90
327.82	-9.70
328.09	-2.90
328.36	-0.10
328.62	6.00
328.89	-7.40
329.15	-11.50
329.42	-0.10
329.69	-0.50
329.95	-3.40
330.22	-5.30
330.48	9.70
330.75	5.50
331.02	-7.20
331.28	-3.40
331.55	-7.10
331.81	-0.80
332.08	-3.00
332.34	-4.30
332.61	-1.80
332.88	1.30
333.14	-10.50
333.41	-4.90
333.67	-1.40
333.94	-5.20
334.21	-6.10
334.47	-2.70
334.74	-6.40
335.00	-3.30
335.27	4.80
335.53	-1.60
335.80	-3.30
336.07	-1.60
336.33	-0.60
336.60	-5.30
336.86	-2.80
337.13	0.10
337.39	-7.20
337.66	-13.10
337.93	-9.00
338.19	4.10
338.46	-7.60
338.72	-1.90
338.99	0.90
339.25	-5.10
339.52	-4.00
339.79	2.30
340.05	5.60
340.32	2.50
340.58	-0.90
340.85	3.70
341.11	-3.20
341.38	-5.40
341.65	-4.60
341.91	4.90
342.18	2.30
342.44	6.50
342.71	-0.30
342.97	-5.20
343.24	-2.20
343.50	-3.90
343.77	-5.40
344.03	-3.20
344.30	-7.10
344.57	-1.20
344.83	-0.90
345.10	1.60
345.36	-4.20
345.63	-6.30
345.89	-4.80
346.16	-8.00
346.42	-5.90
346.69	5.30
346.96	4.40
347.22	-3.60
347.49	-10.80
347.75	3.50
348.02	2.90
348.28	-6.00
348.55	-5.30
348.81	-3.00
349.08	-8.00
349.34	-0.30
349.61	1.30
349.87	8.90
350.14	0.30
350.40	-0.50
350.67	-8.10
350.94	1.40
351.20	-1.10
351.47	-5.80
351.73	-3.90
352.00	0.40
352.26	0.30
352.53	-2.90
352.79	-0.60
353.06	-2.70
353.32	-5.20
353.59	-7.20
353.85	1.60
354.12	6.10
354.38	-11.90
354.65	-1.00
354.91	3.10
355.18	6.80
355.44	3.90
355.71	-4.60
355.97	-0.50
356.24	6.70
356.51	0.10
356.77	1.60
357.04	-9.50
357.30	-2.40
357.57	-11.40
357.83	-8.40
358.10	2.60
358.36	-2.10
358.63	-4.50
358.89	-3.30
359.16	7.50
359.42	3.60
359.69	0.40
359.95	2.10
360.22	3.80
360.48	3.10
360.75	6.30
361.01	4.30
361.28	6.90
361.54	6.60
361.81	-4.80
362.07	-15.40
362.34	-2.40
362.60	5.70
362.87	-0.30
363.13	1.40
363.40	4.20
363.66	2.90
363.93	-3.20
364.19	-13.40
364.46	-6.00
364.72	-5.10
364.99	-4.80
365.25	-11.20
365.52	-8.00
365.78	3.90
366.04	0.70
366.31	2.20
366.57	1.50
366.84	2.30
367.10	-2.30
367.37	1.70
367.63	3.30
367.90	-0.80
368.16	3.60
368.43	-1.10
368.69	1.10
368.96	-8.50
369.22	0.70
369.49	-3.10
369.75	-0.50
370.02	6.70
370.28	5.10
370.55	1.90
370.81	-0.90
371.08	9.40
371.34	5.20
371.60	-0.40
371.87	-6.70
372.13	-5.90
372.40	-1.30
372.66	3.30
372.93	-1.40
373.19	-0.50
373.46	-6.70
373.72	-3.50
373.99	-1.50
374.25	-6.00
374.52	-1.60
374.78	8.00
375.04	5.20
375.31	-1.70
375.57	3.00
375.84	-5.30
376.10	-5.40
376.37	1.50
376.63	1.00
376.90	-1.50
377.16	-2.00
377.43	-2.40
377.69	-4.60
377.95	-8.50
378.22	-3.70
378.48	2.70
378.75	6.20
379.01	4.40
379.28	-0.60
379.54	-0.80
379.81	-1.20
380.07	-0.50
380.33	-5.00
380.60	-6.00
380.86	6.30
381.13	4.00
381.39	-4.30
381.66	-3.60
381.92	3.00
382.19	3.00
382.45	2.00
382.71	8.70
382.98	7.70
383.24	-3.10
383.51	-0.80
383.77	3.10
384.04	-1.20
384.30	-2.30
384.56	4.20
384.83	-0.70
385.09	4.00
385.36	1.70
385.62	-3.90
385.89	-5.20
386.15	-3.40
386.41	-6.50
386.68	-8.40
386.94	-4.10
387.21	-1.90
387.47	2.30
387.74	-5.60
388.00	0.40
388.26	0.00
388.53	3.90
388.79	6.30
389.06	7.00
389.32	6.90
389.58	0.60
389.85	7.90
390.11	0.10
390.38	-5.70
390.64	1.10
390.90	7.10
391.17	-0.10
391.43	-3.10
391.70	-4.00
391.96	6.60
392.23	-1.90
392.49	3.00
392.75	-6.80
393.02	-8.70
393.28	2.50
393.55	1.50
393.81	-6.00
394.07	-4.60
394.34	2.20
394.60	-1.50
394.87	1.70
395.13	-0.60
395.39	6.60
395.66	2.90
395.92	-5.70
396.18	-3.20
396.45	-4.00
396.71	2.40
396.98	9.50
397.24	-1.70
397.50	-0.50
397.77	-0.10
398.03	-2.90
398.30	-4.50
398.56	0.40
398.82	-0.10
399.09	-0.60
399.35	4.30
399.62	7.40
399.88	6.70
400.14	-3.20
400.41	-1.30
400.67	-1.70
400.93	1.40
401.20	0.90
401.46	0.50
401.73	5.90
401.99	7.50
402.25	2.30
402.52	-5.30
402.78	9.80
403.04	3.10
403.31	1.10
403.57	-2.20
403.84	9.20
404.10	-3.10
404.36	-6.80
404.63	-2.80
404.89	0.50
405.15	2.50
405.42	-1.10
405.68	-3.60
405.94	1.80
406.21	1.20
406.47	-0.30
406.74	0.00
407.00	4.20
407.26	-1.40
407.53	-4.30
407.79	4.30
408.05	3.30
408.32	-1.90
408.58	2.70
408.84	3.70
409.11	2.60
409.37	-6.10
409.63	-5.60
409.90	-8.80
410.16	3.50
410.42	1.20
410.69	3.30
410.95	5.90
411.22	-0.30
411.48	4.80
411.74	4.50
412.01	5.30
412.27	11.20
412.53	5.10
412.80	7.80
413.06	2.70
413.32	4.60
413.59	1.40
413.85	1.00
414.11	-0.40
414.38	10.00
414.64	1.40
414.90	4.00
415.17	4.40
415.43	2.60
415.69	4.20
415.96	-2.70
416.22	6.40
416.48	6.30
416.75	-4.50
417.01	-18.80
417.27	-3.60
417.54	14.90
417.80	7.00
418.06	14.40
418.33	9.50
418.59	12.00
418.85	3.70
419.12	1.20
419.38	2.90
419.64	2.40
419.91	3.30
420.17	4.10
420.43	13.60
420.69	8.10
420.96	3.40
421.22	3.20
421.48	2.90
421.75	6.80
422.01	3.10
422.27	-2.10
422.54	8.80
422.80	14.40
423.06	9.20
423.33	8.50
423.59	3.00
423.85	3.90
424.11	4.70
424.38	3.60
424.64	9.70
424.90	4.40
425.17	6.30
425.43	6.10
425.69	7.80
425.96	9.30
426.22	8.20
426.48	6.20
426.75	9.60
427.01	7.40
427.27	14.10
427.53	18.50
427.80	15.10
428.06	6.40
428.32	9.30
428.59	12.10
428.85	9.10
429.11	10.30
429.37	11.40
429.64	8.10
429.90	10.80
430.16	14.70
430.43	12.10
430.69	7.50
430.95	10.40
431.21	9.10
431.48	9.90
431.74	7.90
432.00	6.70
432.27	5.50
432.53	2.70
432.79	11.50
433.05	14.20
433.32	13.20
433.58	18.30
433.84	24.40
434.11	11.10
434.37	1.80
434.63	8.60
434.89	3.40
435.16	6.50
435.42	9.40
435.68	13.60
435.94	7.40
436.21	7.70
436.47	18.40
436.73	19.50
436.99	16.10
437.26	3.70
437.52	13.40
437.78	12.10
438.05	7.20
438.31	7.20
438.57	10.50
438.83	11.20
439.10	16.50
439.36	9.80
439.62	13.80
439.88	9.40
440.15	8.10
440.41	13.00
440.67	11.40
440.93	19.30
441.20	25.90
441.46	11.90
441.72	9.30
441.98	17.00
442.25	4.40
442.51	3.00
442.77	6.80
443.03	16.00
443.30	20.20
443.56	17.60
443.82	23.50
444.08	10.80
444.35	13.40
444.61	15.90
444.87	10.30
445.13	15.00
445.40	19.90
445.66	24.10
445.92	16.20
446.18	14.90
446.44	19.30
446.71	17.40
446.97	18.40
447.23	19.10
447.49	19.70
447.76	21.20
448.02	12.50
448.28	12.10
448.54	6.10
448.81	20.60
449.07	26.10
449.33	16.40
449.59	15.00
449.85	22.20
450.12	17.20
450.38	15.40
450.64	11.30
450.90	30.00
451.17	18.50
451.43	19.60
451.69	13.50
451.95	19.50
452.21	23.40
452.48	22.10
452.74	27.60
453.00	26.40
453.26	21.70
453.53	26.30
453.79	18.00
454.05	26.90
454.31	28.00
454.57	22.40
454.84	25.50
455.10	30.00
455.36	23.70
455.62	29.80
455.88	19.60
456.15	20.10
456.41	23.60
456.67	21.10
456.93	22.20
457.19	25.00
457.46	26.20
457.72	20.10
457.98	13.30
458.24	25.60
458.50	27.20
458.77	23.30
459.03	21.80
459.29	14.60
459.55	18.70
459.81	19.00
460.08	22.30
460.34	30.40
460.60	36.00
460.86	32.90
461.12	32.30
461.39	31.50
461.65	24.40
461.91	21.30
462.17	15.90
462.43	16.30
462.69	23.60
462.96	24.60
463.22	28.90
463.48	27.30
463.74	34.20
464.00	26.80
464.27	27.30
464.53	32.50
464.79	31.20
465.05	34.10
465.31	42.90
465.57	33.00
465.84	30.30
466.10	27.20
466.36	29.80
466.62	29.80
466.88	35.80
467.14	31.10
467.41	35.40
467.67	37.90
467.93	33.20
468.19	28.50
468.45	32.60
468.71	29.70
468.98	38.20
469.24	39.30
469.50	46.30
469.76	38.80
470.02	42.40
470.28	34.80
470.55	41.70
470.81	45.60
471.07	42.90
471.33	44.50
471.59	42.80
471.85	40.10
472.11	46.50
472.38	52.10
472.64	42.60
472.90	49.90
473.16	45.10
473.42	42.60
473.68	49.70
473.95	44.60
474.21	44.20
474.47	53.20
474.73	52.60
474.99	45.50
475.25	44.30
475.51	49.20
475.78	44.30
476.04	54.40
476.30	47.40
476.56	57.30
476.82	62.40
477.08	51.80
477.34	55.40
477.61	49.40
477.87	53.50
478.13	49.10
478.39	51.40
478.65	62.90
478.91	52.40
479.17	54.30
479.43	56.10
479.70	62.30
479.96	59.30
480.22	53.60
480.48	53.40
480.74	56.40
481.00	62.90
481.26	63.10
481.52	57.30
481.79	62.30
482.05	62.90
482.31	60.20
482.57	57.60
482.83	63.80
483.09	66.30
483.35	58.60
483.61	63.90
483.88	58.50
484.14	63.40
484.40	72.30
484.66	59.90
484.92	53.20
485.18	67.30
485.44	67.70
485.70	64.10
485.96	59.40
486.23	57.20
486.49	65.70
486.75	65.00
487.01	69.60
487.27	74.60
487.53	62.60
487.79	61.20
488.05	62.40
488.31	62.80
488.57	65.40
488.84	63.70
489.10	58.10
489.36	61.90
489.62	63.10
489.88	75.50
490.14	74.60
490.40	65.30
490.66	74.10
490.92	74.60
491.18	66.40
491.44	59.30
491.71	72.50
491.97	76.80
492.23	78.00
492.49	71.10
492.75	72.50
493.01	75.20
493.27	78.20
493.53	80.20
493.79	80.80
494.05	76.40
494.31	74.00
494.58	76.60
494.84	86.40
495.10	89.00
495.36	91.70
495.62	89.60
495.88	87.30
496.14	89.30
496.40	93.00
496.66	100.40
496.92	88.70
497.18	94.80
497.44	91.40
497.70	94.30
497.96	93.50
498.23	94.00
498.49	94.90
498.75	85.90
499.01	96.70
499.27	101.00
499.53	104.20
499.79	108.80
500.05	101.60
500.31	110.50
500.57	105.70
500.83	105.70
501.09	103.10
501.35	110.80
501.61	116.80
501.87	121.60
502.13	117.50
502.40	111.90
502.66	111.30
502.92	115.50
503.18	114.80
503.44	107.10
503.70	114.00
503.96	112.70
504.22	121.40
504.48	120.50
504.74	123.90
505.00	119.80
505.26	132.60
505.52	135.50
505.78	135.20
506.04	129.30
506.30	120.10
506.56	118.90
506.82	124.50
507.08	131.00
507.34	129.60
507.60	132.20
507.86	118.20
508.13	129.20
508.39	125.70
508.65	116.20
508.91	120.80
509.17	122.90
509.43	139.60
509.69	131.80
509.95	130.10
510.21	129.30
510.47	132.00
510.73	133.10
510.99	129.30
511.25	134.80
511.51	129.00
511.77	130.70
512.03	127.80
512.29	128.90
512.55	132.70
512.81	131.30
513.07	137.20
513.33	139.10
513.59	132.10
513.85	125.50
514.11	131.80
514.37	135.10
514.63	133.30
514.89	143.60
515.15	141.00
515.41	135.40
515.67	132.30
515.93	136.80
516.19	131.60
516.45	127.00
516.71	135.70
516.97	137.30
517.23	136.60
517.49	144.30
517.75	147.80
518.01	137.60
518.27	137.40
518.53	128.40
518.79	140.50
519.05	145.90
519.31	143.90
519.57	146.40
519.83	147.40
520.09	149.90
520.35	137.20
520.61	145.80
520.87	147.70
521.13	142.70
521.39	146.90
521.65	145.10
521.91	148.50
522.17	153.40
522.43	154.00
522.69	153.30
522.95	158.30
523.21	159.20
523.47	161.40
523.73	154.60
523.99	164.00
524.25	168.00
524.51	169.50
524.77	166.80
525.03	163.80
525.29	167.10
525.55	173.90
525.81	168.90
526.07	181.10
526.33	189.30
526.59	190.10
526.85	183.10
527.11	174.00
527.37	181.20
527.63	187.20
527.89	183.10
528.15	182.50
528.41	186.50
528.67	198.30
528.93	202.20
529.19	201.80
529.45	198.00
529.71	206.20
529.96	200.60
530.22	204.00
530.48	212.00
530.74	210.10
531.00	208.00
531.26	204.10
531.52	213.50
531.78	227.60
532.04	226.00
532.30	220.50
532.56	227.50
532.82	222.00
533.08	217.00
533.34	225.60
533.60	233.40
533.86	231.70
534.12	226.60
534.38	233.70
534.64	233.90
534.90	239.50
535.16	235.50
535.42	245.20
535.67	251.40
535.93	248.90
536.19	242.90
536.45	249.10
536.71	254.60
536.97	255.00
537.23	256.90
537.49	251.90
537.75	257.60
538.01	255.80
538.27	253.80
538.53	255.00
538.79	268.60
539.05	256.40
539.31	253.10
539.57	257.10
539.82	255.20
540.08	256.80
540.34	253.80
540.60	260.60
540.86	256.70
541.12	258.70
541.38	264.00
541.64	268.40
541.90	259.40
542.16	260.00
542.42	261.40
542.68	266.20
542.94	270.40
543.19	261.90
543.45	265.20
543.71	258.00
543.97	262.90
544.23	263.20
544.49	267.20
544.75	256.10
545.01	255.60
545.27	255.00
545.53	260.80
545.79	263.80
546.05	261.60
546.30	255.10
546.56	255.30
546.82	260.30
547.08	263.40
547.34	262.10
547.60	258.10
547.86	264.30
548.12	272.40
548.38	267.80
548.64	259.60
548.89	259.10
549.15	264.70
549.41	264.00
549.67	271.50
549.93	266.90
550.19	261.80
550.45	268.70
550.71	273.70
550.97	273.90
551.23	276.10
551.48	278.20
551.74	289.00
552.00	289.70
552.26	281.70
552.52	282.90
552.78	288.60
553.04	287.10
553.30	287.20
553.56	278.50
553.81	284.10
554.07	288.40
554.33	289.40
554.59	291.50
554.85	284.10
555.11	292.20
555.37	296.60
555.63	288.10
555.88	295.60
556.14	291.90
556.40	293.70
556.66	303.90
556.92	307.50
557.18	306.60
557.44	312.60
557.70	304.20
557.95	306.60
558.21	311.40
558.47	311.60
558.73	310.10
558.99	307.30
559.25	321.80
559.51	322.50
559.76	327.70
560.02	325.10
560.28	322.20
560.54	329.20
560.80	336.40
561.06	342.00
561.32	343.30
561.58	342.50
561.83	349.10
562.09	350.20
562.35	357.50
562.61	360.80
562.87	356.90
563.13	360.30
563.38	357.80
563.64	364.30
563.90	368.60
564.16	370.40
564.42	377.90
564.68	375.70
564.94	382.60
565.19	381.00
565.45	381.00
565.71	381.40
565.97	385.30
566.23	390.40
566.49	402.30
566.74	402.50
567.00	401.30
567.26	399.70
567.52	401.70
567.78	413.70
568.04	420.30
568.29	407.10
568.55	416.00
568.81	425.80
569.07	423.60
569.33	431.10
569.59	429.50
569.84	433.20
570.10	440.40
570.36	421.40
570.62	437.80
570.88	443.30
571.14	440.60
571.39	456.90
571.65	459.90
571.91	450.80
572.17	456.70
572.43	460.40
572.69	464.80
572.94	462.20
573.20	465.30
573.46	469.40
573.72	472.60
573.98	470.30
574.23	469.40
574.49	460.50
574.75	472.30
575.01	478.00
575.27	484.60
575.53	488.10
575.78	481.00
576.04	487.90
576.30	482.50
576.56	485.00
576.82	482.00
577.07	483.20
577.33	481.00
577.59	480.10
577.85	489.80
578.11	482.50
578.36	482.90
578.62	485.50
578.88	490.50
579.14	487.00
579.40	490.70
579.65	479.40
579.91	480.60
580.17	488.50
580.43	491.00
580.69	479.20
580.94	482.00
581.20	479.10
581.46	488.20
581.72	480.90
581.97	481.10
582.23	483.20
582.49	488.70
582.75	496.00
583.01	485.00
583.26	489.00
583.52	490.30
583.78	495.50
584.04	497.60
584.30	490.80
584.55	483.30
584.81	486.90
585.07	486.90
585.33	484.40
585.58	489.20
585.84	489.20
586.10	488.80
586.36	478.90
586.61	482.90
586.87	476.60
587.13	488.60
587.39	487.90
587.65	496.50
587.90	497.20
588.16	486.10
588.42	481.70
588.68	485.70
588.93	474.40
589.19	470.70
589.45	491.70
589.71	494.70
589.96	498.70
590.22	497.00
590.48	494.00
590.74	492.20
590.99	500.30
591.25	506.30
591.51	505.50
591.77	506.20
592.02	497.00
592.28	501.00
592.54	509.00
592.80	512.60
593.05	513.30
593.31	513.20
593.57	510.40
593.83	516.90
594.08	514.90
594.34	511.90
594.60	515.00
594.86	538.90
595.11	533.10
595.37	519.90
595.63	525.00
595.89	534.70
596.14	529.90
596.40	531.60
596.66	524.10
596.92	541.40
597.17	538.20
597.43	540.10
597.69	544.40
597.95	556.50
598.20	552.40
598.46	556.30
598.72	562.70
598.97	561.60
599.23	565.40
599.49	570.50
599.75	567.10
600.00	575.60
600.26	587.50
600.52	584.40
600.78	581.50
601.03	594.70
601.29	585.40
601.55	590.50
601.80	599.60
602.06	615.00
602.32	607.00
602.58	610.60
602.83	619.50
603.09	623.60
603.35	637.90
603.60	634.60
603.86	631.70
604.12	632.90
604.38	639.70
604.63	650.10
604.89	647.70
605.15	655.60
605.40	673.10
605.66	663.70
605.92	657.40
606.18	649.90
606.43	658.30
606.69	682.70
606.95	674.00
607.20	689.90
607.46	689.10
607.72	693.40
607.97	696.90
608.23	699.70
608.49	699.30
608.75	704.70
609.00	723.00
609.26	729.90
609.52	729.10
609.77	725.20
610.03	716.70
610.29	721.00
610.54	732.20
610.80	737.90
611.06	744.70
611.31	752.30
611.57	744.70
611.83	739.50
612.08	748.70
612.34	757.00
612.60	741.10
612.86	755.00
613.11	760.10
613.37	774.60
613.63	785.00
613.88	787.10
614.14	779.50
614.40	785.00
614.65	790.80
614.91	789.50
615.17	785.50
615.42	788.40
615.68	788.80
615.94	798.00
616.19	801.20
616.45	809.50
616.71	801.20
616.96	799.60
617.22	805.50
617.48	800.40
617.73	809.70
617.99	813.30
618.25	813.00
618.50	816.10
618.76	811.40
619.02	809.20
619.27	810.80
619.53	809.70
619.79	820.20
620.04	826.00
620.30	816.00
620.56	813.80
620.81	794.30
621.07	811.70
621.32	819.30
621.58	836.40
621.84	818.50
622.09	816.10
622.35	816.40
622.61	815.50
622.86	809.30
623.12	819.50
623.38	811.00
623.63	815.40
623.89	804.90
624.15	805.50
624.40	815.70
624.66	822.50
624.92	821.00
625.17	813.80
625.43	802.90
625.68	804.10
625.94	807.40
626.20	808.70
626.45	802.90
626.71	807.50
626.97	796.20
627.22	801.40
627.48	803.80
627.73	801.50
627.99	810.50
628.25	808.00
628.50	805.40
628.76	804.10
629.02	798.90
629.27	808.40
629.53	802.60
629.78	803.10
630.04	805.80
630.30	799.00
630.55	797.00
630.81	798.10
631.07	797.90
631.32	803.60
631.58	807.60
631.83	799.60
632.09	793.90
632.35	803.10
632.60	799.90
632.86	802.60
633.11	809.70
633.37	805.40
633.63	796.00
633.88	812.80
634.14	818.00
634.40	805.50
634.65	801.70
634.91	800.60
635.16	795.90
635.42	809.50
635.68	809.50
635.93	803.70
636.19	805.70
636.44	802.70
636.70	804.90
636.96	805.00
637.21	814.60
637.47	804.70
637.72	807.30
637.98	819.80
638.23	826.00
638.49	826.40
638.75	813.10
639.00	816.60
639.26	827.70
639.51	831.90
639.77	829.70
640.03	831.90
640.28	835.10
640.54	846.50
640.79	839.30
641.05	839.80
641.30	843.00
641.56	830.20
641.82	832.40
642.07	844.20
642.33	858.60
642.58	854.70
642.84	852.90
643.10	850.50
643.35	861.50
643.61	874.00
643.86	879.80
644.12	868.30
644.37	877.00
644.63	892.40
644.89	878.80
645.14	894.10
645.40	890.40
645.65	902.40
645.91	899.60
646.16	907.40
646.42	900.70
646.67	909.00
646.93	921.30
647.19	918.30
647.44	926.40
647.70	925.20
647.95	929.70
648.21	933.20
648.46	934.50
648.72	943.60
648.97	947.50
649.23	944.50
649.49	956.70
649.74	970.70
650.00	986.00
650.25	960.20
650.51	969.00
650.76	984.10
651.02	984.30
651.27	996.60
651.53	994.80
651.79	1004.00
652.04	1011.90
652.30	1026.70
652.55	1028.30
652.81	1030.90
653.06	1030.70
653.32	1038.50
653.57	1028.60
653.83	1039.40
654.08	1059.60
654.34	1065.30
654.59	1068.90
654.85	1069.20
655.10	1069.10
655.36	1071.70
655.62	1088.70
655.87	1080.30
656.13	1086.30
656.38	1092.70
656.64	1103.20
656.89	1104.60
657.15	1100.90
657.40	1114.00
657.66	1125.60
657.91	1140.00
658.17	1138.00
658.42	1141.00
658.68	1140.70
658.93	1153.10
659.19	1152.10
659.44	1169.60
659.70	1165.60
659.95	1168.90
660.21	1173.60
660.46	1190.10
660.72	1200.70
660.97	1196.50
661.23	1189.10
661.48	1207.90
661.74	1207.00
661.99	1211.80
662.25	1212.20
662.51	1227.50
662.76	1215.60
663.02	1226.70
663.27	1227.50
663.53	1236.20
663.78	1253.80
664.04	1256.80
664.29	1252.20
664.55	1248.10
664.80	1234.70
665.06	1251.80
665.31	1260.60
665.56	1265.30
665.82	1269.90
666.07	1264.40
666.33	1259.30
666.58	1274.60
666.84	1280.30
667.09	1285.60
667.35	1276.20
667.60	1283.40
667.86	1291.50
668.11	1284.60
668.37	1279.40
668.62	1284.30
668.88	1280.10
669.13	1284.40
669.39	1291.70
669.64	1290.60
669.90	1283.90
670.15	1293.60
670.41	1289.20
670.66	1292.00
670.92	1293.50
671.17	1296.10
671.43	1288.20
671.68	1290.90
671.94	1289.60
672.19	1295.10
672.44	1292.70
672.70	1296.80
672.95	1295.10
673.21	1284.80
673.46	1292.10
673.72	1279.10
673.97	1286.90
674.23	1278.70
674.48	1280.80
674.74	1280.70
674.99	1287.00
675.25	1278.10
675.50	1281.70
675.75	1294.90
676.01	1280.20
676.26	1271.80
676.52	1266.10
676.77	1274.60
677.03	1276.20
677.28	1288.00
677.54	1295.00
677.79	1275.70
678.05	1283.00
678.30	1283.20
678.55	1280.80
678.81	1278.20
679.06	1271.70
679.32	1271.40
679.57	1278.30
679.83	1275.00
680.08	1269.10
680.34	1278.40
680.59	1276.10
680.84	1270.50
681.10	1265.30
681.35	1265.60
681.61	1265.20
681.86	1265.30
682.12	1272.80
682.37	1270.00
682.62	1264.70
682.88	1264.10
683.13	1289.70
683.39	1276.90
683.64	1268.40
683.90	1259.10
684.15	1273.80
684.40	1267.20
684.66	1256.90
684.91	1275.10
685.17	1271.20
685.42	1266.40
685.68	1261.20
685.93	1281.40
686.18	1262.60
686.44	1266.30
686.69	1273.00
686.95	1269.40
687.20	1273.20
687.46	1271.00
687.71	1283.00
687.96	1283.40
688.22	1270.20
688.47	1291.30
688.73	1291.00
688.98	1286.50
689.23	1287.10
689.49	1306.60
689.74	1311.00
690.00	1298.60
690.25	1300.00
690.50	1306.30
690.76	1301.10
691.01	1306.60
691.27	1304.30
691.52	1316.50
691.77	1310.70
692.03	1306.00
692.28	1312.60
692.54	1303.50
692.79	1303.60
693.04	1313.80
693.30	1321.10
693.55	1311.30
693.81	1304.10
694.06	1325.40
694.31	1336.00
694.57	1343.90
694.82	1349.30
695.08	1351.90
695.33	1353.90
695.58	1355.80
695.84	1357.10
696.09	1358.10
696.34	1374.60
696.60	1388.50
696.85	1381.00
697.11	1382.00
697.36	1391.20
697.61	1390.50
697.87	1390.10
698.12	1406.30
698.37	1406.50
698.63	1406.70
698.88	1417.60
699.14	1411.70
699.39	1427.30
699.64	1429.10
699.90	1424.00
700.15	1434.20
700.40	1443.80
700.66	1440.50
700.91	1452.90
701.17	1464.40
701.42	1451.40
701.67	1451.30
701.93	1457.00
702.18	1472.00
702.43	1471.40
702.69	1487.70
702.94	1480.80
703.19	1496.10
703.45	1506.60
703.70	1502.80
703.95	1501.60
704.21	1501.40
704.46	1516.00
704.72	1526.30
704.97	1534.80
705.22	1537.40
705.48	1545.90
705.73	1543.40
705.98	1547.60
706.24	1540.80
706.49	1558.00
706.74	1569.60
707.00	1575.00
707.25	1575.20
707.50	1577.20
707.76	1578.30
708.01	1591.40
708.26	1614.50
708.52	1617.60
708.77	1611.00
709.02	1617.40
709.28	1612.20
709.53	1624.20
709.78	1653.90
710.04	1656.70
710.29	1675.70
710.54	1680.60
710.80	1671.00
711.05	1675.50
711.30	1692.30
711.56	1717.60
711.81	1725.10
712.06	1728.50
712.32	1723.20
712.57	1728.00
712.82	1742.80
713.08	1746.00
713.33	1752.20
713.58	1758.30
713.84	1769.90
714.09	1767.50
714.34	1767.60
714.59	1771.50
714.85	1772.00
715.10	1770.50
715.35	1783.50
715.61	1779.20
715.86	1803.60
716.11	1803.50
716.37	1794.10
716.62	1820.40
716.87	1814.70
717.13	1814.10
717.38	1819.80
717.63	1821.90
717.89	1821.00
718.14	1823.60
718.39	1843.40
718.64	1835.00
718.90	1844.00
719.15	1870.50
719.40	1862.90
719.66	1854.10
719.91	1869.90
720.16	1871.40
720.41	1852.20
720.67	1872.60
720.92	1869.10
721.17	1860.80
721.43	1873.40
721.68	1882.80
721.93	1893.00
722.19	1885.60
722.44	1875.80
722.69	1890.20
722.94	1871.60
723.20	1890.20
723.45	1886.80
723.70	1862.30
723.95	1867.10
724.21	1879.40
724.46	1882.70
724.71	1886.90
724.97	1863.30
725.22	1880.70
725.47	1881.70
725.72	1882.40
725.98	1869.60
726.23	1881.50
726.48	1860.90
726.74	1847.80
726.99	1853.90
727.24	1866.80
727.49	1863.50
727.75	1860.90
728.00	1863.30
728.25	1852.70
728.50	1843.70
728.76	1848.50
729.01	1837.10
729.26	1824.90
729.51	1833.90
729.77	1842.20
730.02	1835.10
730.27	1824.90
730.52	1828.60
730.78	1819.10
731.03	1810.60
731.28	1796.40
731.53	1784.80
731.79	1805.30
732.04	1795.90
732.29	1777.70
732.54	1784.20
732.80	1774.20
733.05	1752.20
733.30	1759.30
733.55	1761.30
733.81	1750.90
734.06	1747.00
734.31	1738.30
734.56	1724.70
734.82	1730.30
735.07	1726.10
735.32	1714.30
735.57	1717.30
735.83	1709.10
736.08	1699.60
736.33	1691.40
736.58	1710.60
736.84	1694.30
737.09	1683.90
737.34	1686.90
737.59	1681.10
737.84	1687.30
738.10	1673.60
738.35	1673.00
738.60	1652.30
738.85	1668.40
739.11	1654.90
739.36	1664.10
739.61	1655.90
739.86	1640.10
740.11	1640.00
740.37	1625.50
740.62	1624.30
740.87	1629.60
741.12	1642.80
741.38	1625.20
741.63	1627.80
741.88	1617.70
742.13	1608.20
742.38	1601.10
742.64	1613.40
742.89	1627.50
743.14	1595.50
743.39	1585.80
743.64	1599.30
743.90	1606.00
744.15	1600.10
744.40	1587.60
744.65	1580.00
744.90	1574.60
745.16	1564.70
745.41	1563.30
745.66	1566.30
745.91	1573.10
746.16	1583.50
746.42	1561.00
746.67	1558.40
746.92	1541.30
747.17	1531.60
747.42	1553.60
747.68	1548.70
747.93	1536.40
748.18	1539.40
748.43	1537.50
748.68	1530.60
748.94	1521.20
749.19	1512.40
749.44	1506.20
749.69	1523.60
749.94	1527.90
750.19	1515.00
750.45	1505.60
750.70	1506.80
750.95	1504.40
751.20	1494.50
751.45	1496.40
751.71	1495.90
751.96	1499.40
752.21	1504.50
752.46	1503.90
752.71	1497.90
752.96	1479.80
753.22	1488.00
753.47	1481.50
753.72	1483.70
753.97	1482.30
754.22	1487.70
754.47	1478.30
754.73	1469.80
754.98	1469.90
755.23	1468.40
755.48	1464.40
755.73	1476.40
755.98	1455.70
756.24	1454.80
756.49	1452.50
756.74	1438.50
756.99	1445.50
757.24	1464.20
757.49	1466.10
757.74	1457.40
758.00	1441.90
758.25	1426.40
758.50	1426.40
758.75	1446.70
759.00	1445.20
759.25	1445.80
759.51	1428.20
759.76	1432.40
760.01	1439.30
760.26	1445.90
760.51	1427.20
760.76	1429.20
761.01	1432.20
761.27	1424.40
761.52	1423.30
761.77	1411.20
762.02	1403.80
762.27	1406.90
762.52	1427.10
762.77	1427.80
763.02	1431.50
763.28	1422.20
763.53	1418.50
763.78	1420.70
764.03	1419.70
764.28	1421.50
764.53	1420.30
764.78	1421.10
765.03	1402.10
765.29	1404.40
765.54	1423.10
765.79	1428.10
766.04	1418.20
766.29	1417.10
766.54	1402.20
766.79	1407.50
767.04	1397.90
767.30	1411.20
767.55	1411.30
767.80	1412.80
768.05	1415.60
768.30	1415.90
768.55	1415.70
768.80	1414.90
769.05	1413.90
769.30	1421.10
769.56	1402.90
769.81	1422.60
770.06	1419.60
770.31	1402.20
770.56	1398.00
770.81	1401.30
771.06	1393.70
771.31	1416.80
771.56	1422.40
771.82	1417.50
772.07	1410.70
772.32	1425.60
772.57	1420.40
772.82	1403.00
773.07	1406.40
773.32	1404.80
773.57	1400.00
773.82	1406.90
774.07	1411.50
774.32	1410.60
774.58	1406.70
774.83	1406.30
775.08	1395.60
775.33	1397.80
775.58	1395.90
775.83	1405.50
776.08	1396.30
776.33	1390.50
776.58	1395.30
776.83	1390.60
777.08	1386.60
777.33	1383.00
777.59	1385.40
777.84	1390.30
778.09	1370.10
778.34	1379.00
778.59	1369.90
778.84	1390.40
779.09	1374.60
779.34	1365.40
779.59	1376.30
779.84	1379.20
780.09	1369.70
780.34	1378.00
780.59	1373.70
780.84	1372.30
781.10	1362.80
781.35	1352.40
781.60	1347.10
781.85	1345.60
782.10	1338.10
782.35	1339.90
782.60	1333.60
782.85	1338.40
783.10	1337.70
783.35	1316.60
783.60	1314.70
783.85	1321.20
784.10	1326.40
784.35	1326.70
784.60	1311.40
784.85	1319.50
785.10	1298.60
785.35	1290.90
785.61	1293.70
785.86	1286.20
786.11	1285.90
786.36	1282.30
786.61	1275.20
786.86	1279.80
787.11	1273.40
787.36	1262.20
787.61	1252.00
787.86	1251.80
788.11	1256.40
788.36	1248.30
788.61	1232.70
788.86	1229.30
789.11	1227.50
789.36	1218.40
789.61	1218.00
789.86	1208.00
790.11	1210.10
790.36	1196.40
790.61	1187.80
790.86	1196.70
791.11	1182.30
791.36	1162.60
791.61	1158.40
791.86	1175.50
792.11	1166.50
792.36	1152.60
792.61	1144.90
792.86	1142.40
793.11	1133.00
793.36	1130.00
793.61	1127.20
793.87	1118.30
794.12	1108.50
794.37	1091.80
794.62	1084.70
794.87	1074.90
795.12	1072.30
795.37	1069.80
795.62	1061.10
795.87	1043.20
796.12	1036.60
796.37	1038.80
796.62	1035.70
796.87	1039.80
797.12	1032.60
797.37	1021.50
797.62	1004.60
797.87	1003.30
798.12	989.80
798.37	1003.90
798.62	999.00
798.87	968.00
799.12	937.40
799.37	951.00
799.62	947.40
799.87	955.80
800.12	933.10
800.37	922.60
800.62	920.50
800.87	909.10
801.12	900.70
801.37	903.90
801.61	884.70
801.86	877.10
802.11	865.20
802.36	867.70
802.61	863.70
802.86	869.80
803.11	859.90
803.36	847.50
803.61	843.20
803.86	823.90
804.11	827.00
804.36	815.20
804.61	805.80
804.86	802.70
805.11	802.60
805.36	787.70
805.61	780.30
805.86	773.40
806.11	768.80
806.36	752.50
806.61	749.90
806.86	757.20
807.11	738.20
807.36	728.20
807.61	731.20
807.86	724.80
808.11	728.30
808.36	707.00
808.61	705.60
808.86	714.90
809.11	705.20
809.36	681.40
809.60	669.70
809.85	668.20
810.10	656.40
810.35	665.40
810.60	661.30
810.85	657.70
811.10	640.50
811.35	641.10
811.60	630.20
811.85	630.90
812.10	630.40
812.35	630.00
812.60	626.00
812.85	618.40
813.10	614.70
813.35	601.90
813.60	588.80
813.85	587.50
814.09	583.60
814.34	593.40
814.59	586.80
814.84	579.80
815.09	574.60
815.34	562.60
815.59	556.10
815.84	562.60
816.09	551.80
816.34	551.50
816.59	536.60
816.84	534.80
817.09	522.30
817.34	530.40
817.58	519.20
817.83	516.60
818.08	521.80
818.33	519.10
818.58	510.40
818.83	500.20
819.08	499.30
819.33	510.50
819.58	509.50
819.83	496.80
820.08	492.80
820.33	489.70
820.57	488.90
820.82	487.60
821.07	496.70
821.32	478.00
821.57	482.40
821.82	475.40
822.07	462.90
822.32	457.00
822.57	463.50
822.82	472.50
823.07	474.10
823.31	470.70
823.56	458.30
823.81	443.60
824.06	456.30
824.31	471.60
824.56	452.40
824.81	448.30
825.06	441.30
825.31	444.20
825.55	447.40
825.80	440.60
826.05	442.30
826.30	438.00
826.55	435.80
826.80	433.00
827.05	437.40
827.30	429.80
827.55	424.20
827.79	431.60
828.04	428.90
828.29	427.60
828.54	424.60
828.79	414.00
829.04	409.60
829.29	423.20
829.54	420.90
829.78	429.00
830.03	430.90
830.28	437.00
830.53	421.00
830.78	416.00
831.03	417.70
831.28	423.60
831.53	421.60
831.77	413.80
832.02	411.00
832.27	425.60
832.52	435.60
832.77	417.50
833.02	419.50
833.27	427.50
833.51	419.60
833.76	419.20
834.01	415.60
834.26	418.30
834.51	420.20
834.76	425.90
835.01	429.10
835.25	426.20
835.50	423.60
835.75	425.40
836.00	425.80
836.25	437.00
836.50	435.30
836.75	432.80
836.99	425.40
837.24	431.70
837.49	433.20
837.74	439.80
837.99	430.90
838.24	433.90
838.48	433.30
838.73	446.10
838.98	439.60
839.23	439.70
839.48	436.10
839.73	439.30
839.97	451.40
840.22	454.50
840.47	450.00
840.72	455.60
840.97	453.70
841.22	462.70
841.46	457.40
841.71	462.10
841.96	454.10
842.21	453.90
842.46	460.10
842.71	474.80
842.95	464.30
843.20	474.60
843.45	481.10
843.70	481.10
843.95	475.30
844.20	489.60
844.44	479.70
844.69	492.60
844.94	490.80
845.19	496.10
845.44	495.10
845.68	497.80
845.93	495.20
846.18	495.80
846.43	506.20
846.68	510.60
846.92	514.90
847.17	528.60
847.42	520.00
847.67	522.60
847.92	532.70
848.16	543.10
848.41	545.60
848.66	541.80
848.91	549.70
849.16	559.10
849.40	559.40
849.65	560.20
849.90	571.40
850.15	569.50
850.40	571.50
850.64	567.70
850.89	573.60
851.14	566.40
851.39	566.40
851.64	573.80
851.88	579.20
852.13	590.00
852.38	597.20
852.63	592.40
852.87	609.30
853.12	621.50
853.37	619.50
853.62	625.50
853.87	622.70
854.11	629.50
854.36	640.50
854.61	628.70
854.86	637.20
855.10	643.40
855.35	639.20
855.60	658.20
855.85	660.10
856.10	655.80
856.34	668.70
856.59	673.80
856.84	677.30
857.09	684.00
857.33	688.50
857.58	686.70
857.83	685.20
858.08	708.30
858.32	702.80
858.57	696.80
858.82	716.10
859.07	723.30
859.31	719.60
859.56	728.90
859.81	732.50
860.06	723.30
860.30	732.10
860.55	740.40
860.80	742.70
861.05	756.00
861.29	759.20
861.54	761.30
861.79	763.00
862.04	769.30
862.28	765.20
862.53	770.00
862.78	783.90
863.03	798.00
863.27	793.40
863.52	799.90
863.77	801.80
864.02	810.00
864.26	817.60
864.51	802.10
864.76	814.80
865.01	828.60
865.25	814.20
865.50	837.30
865.75	834.90
866.00	844.80
866.24	844.00
866.49	858.10
866.74	852.30
866.98	862.20
867.23	872.90
867.48	863.90
867.73	859.90
867.97	869.60
868.22	881.50
868.47	878.90
868.71	868.50
868.96	885.60
869.21	899.30
869.46	901.60
869.70	905.10
869.95	908.90
870.20	917.00
870.44	923.90
870.69	923.00
870.94	919.10
871.19	917.20
871.43	926.70
871.68	931.60
871.93	933.40
872.17	942.70
872.42	951.40
872.67	947.90
872.92	947.10
873.16	951.60
873.41	953.30
873.66	950.70
873.90	959.50
874.15	966.60
874.40	970.20
874.64	976.40
874.89	969.10
875.14	960.20
875.39	965.20
875.63	971.70
875.88	996.80
876.13	992.70
876.37	984.70
876.62	977.50
876.87	994.90
877.11	991.90
877.36	994.10
877.61	994.30
877.85	995.50
878.10	997.00
878.35	1021.60
878.59	1003.40
878.84	1001.50
879.09	999.10
879.33	1014.70
879.58	998.20
879.83	1011.00
880.07	1025.90
880.32	1019.80
880.57	1028.40
880.81	1035.80
881.06	1034.40
881.31	1028.20
881.55	1031.10
881.80	1024.20
882.05	1042.90
882.29	1034.50
882.54	1027.80
882.79	1029.00
883.03	1030.40
883.28	1036.20
883.53	1044.90
883.77	1052.50
884.02	1039.80
884.27	1045.80
884.51	1050.80
884.76	1044.80
885.01	1037.30
885.25	1052.30
885.50	1059.40
885.75	1057.40
885.99	1046.00
886.24	1053.90
886.49	1060.10
886.73	1062.20
886.98	1059.60
887.23	1070.00
887.47	1066.30
887.72	1053.10
887.96	1058.80
888.21	1059.70
888.46	1054.00
888.70	1054.90
888.95	1047.10
889.20	1056.30
889.44	1049.70
889.69	1062.30
889.94	1071.90
890.18	1070.70
890.43	1071.60
890.67	1066.60
890.92	1054.70
891.17	1058.60
891.41	1062.80
891.66	1062.90
891.91	1057.60
892.15	1055.80
892.40	1057.00
892.64	1060.70
892.89	1058.80
893.14	1073.30
893.38	1055.00
893.63	1047.30
893.88	1071.60
894.12	1057.40
894.37	1047.80
894.61	1037.30
894.86	1049.60
895.11	1058.10
895.35	1052.90
895.60	1051.20
895.84	1068.40
896.09	1061.40
896.34	1060.50
896.58	1054.20
896.83	1041.80
897.07	1049.20
897.32	1051.30
897.57	1044.00
897.81	1052.60
898.06	1054.00
898.30	1058.60
898.55	1057.30
898.80	1049.30
899.04	1043.50
899.29	1032.70
899.53	1047.20
899.78	1052.90
900.03	1050.50
900.27	1036.00
900.52	1046.10
900.76	1035.00
901.01	1051.70
901.26	1054.10
901.50	1046.40
901.75	1038.80
901.99	1036.50
902.24	1035.40
902.48	1035.00
902.73	1037.80
902.98	1037.60
903.22	1034.80
903.47	1041.30
903.71	1030.60
903.96	1033.30
904.21	1040.60
904.45	1031.60
904.70	1025.40
904.94	1025.30
905.19	1037.30
905.43	1034.00
905.68	1028.30
905.93	1033.10
906.17	1034.00
906.42	1031.20
906.66	1035.40
906.91	1037.80
907.15	1020.20
907.40	1025.40
907.64	1027.50
907.89	1013.40
908.14	995.70
908.38	1016.60
908.63	1010.40
908.87	1013.70
909.12	1011.70
909.36	1010.20
909.61	1009.40
909.85	1010.40
910.10	1016.20
910.35	1011.10
910.59	1008.70
910.84	1003.70
911.08	1005.10
911.33	1003.00
911.57	1009.00
911.82	1018.10
912.06	1008.10
912.31	1000.40
912.55	1003.40
912.80	1002.10
913.05	1007.90
913.29	1001.10
913.54	1006.00
913.78	993.50
914.03	1005.80
914.27	999.80
914.52	1016.60
914.76	997.50
915.01	985.60
915.25	993.70
915.50	983.10
915.74	988.60
915.99	999.40
916.23	991.20
916.48	993.00
916.72	994.00
916.97	991.30
917.22	980.10
917.46	983.20
917.71	977.50
917.95	977.90
918.20	980.80
918.44	979.10
918.69	979.20
918.93	987.30
919.18	983.00
919.42	985.40
919.67	989.00
919.91	979.60
920.16	977.00
920.40	974.70
920.65	976.70
920.89	980.20
921.14	977.10
921.38	973.70
921.63	970.60
921.87	978.20
922.12	982.20
922.36	974.10
922.61	969.40
922.85	974.10
923.10	982.30
923.34	973.20
923.59	962.00
923.83	958.00
924.08	967.60
924.32	964.90
924.57	968.30
924.81	971.80
925.06	976.20
925.30	977.30
925.55	978.00
925.79	979.10
926.04	974.90
926.28	956.40
926.53	951.60
926.77	954.30
927.01	959.30
927.26	967.60
927.50	961.50
927.75	955.00
927.99	964.70
928.24	959.90
928.48	964.20
928.73	965.60
928.97	963.90
929.22	963.50
929.46	973.80
929.71	971.70
929.95	973.10
930.20	980.40
930.44	966.20
930.69	970.60
930.93	955.80
931.17	955.30
931.42	962.50
931.66	964.20
931.91	951.10
932.15	947.30
932.40	951.60
932.64	948.40
932.89	941.00
933.13	947.50
933.38	952.90
933.62	944.60
933.86	944.50
934.11	935.50
934.35	937.00
934.60	923.60
934.84	920.90
935.09	924.50
935.33	919.30
935.58	905.50
935.82	900.20
936.06	902.60
936.31	902.80
936.55	892.20
936.80	897.40
937.04	893.70
937.29	895.00
937.53	894.60
937.78	883.90
938.02	876.90
938.26	881.70
938.51	888.40
938.75	877.10
939.00	867.80
939.24	875.90
939.49	859.50
939.73	869.70
939.97	858.30
940.22	848.30
940.46	865.30
940.71	853.60
940.95	865.90
941.20	863.60
941.44	840.90
941.68	849.50
941.93	845.20
942.17	852.30
942.42	857.90
942.66	861.80
942.90	854.20
943.15	854.00
943.39	848.70
943.64	858.10
943.88	861.10
944.12	851.00
944.37	854.00
944.61	852.60
944.86	854.60
945.10	857.00
945.35	857.70
945.59	857.40
945.83	855.20
946.08	862.30
946.32	868.20
946.57	872.70
946.81	868.30
947.05	869.20
947.30	865.80
947.54	879.00
947.78	887.30
948.03	880.20
948.27	874.60
948.52	867.50
948.76	871.70
949.00	886.70
949.25	881.10
949.49	882.80
949.74	882.00
949.98	882.00
950.22	875.70
950.47	880.90
950.71	892.40
950.95	889.00
951.20	893.00
951.44	889.30
951.69	883.20
951.93	897.30
952.17	891.40
952.42	894.70
952.66	889.00
952.90	893.20
953.15	883.30
953.39	895.40
953.64	889.90
953.88	899.50
954.12	899.20
954.37	903.20
954.61	900.00
954.85	906.70
955.10	906.80
955.34	905.90
955.58	897.80
955.83	916.10
956.07	906.30
956.32	900.90
956.56	906.00
956.80	903.70
957.05	907.40
957.29	916.00
957.53	904.10
957.78	904.40
958.02	903.00
958.26	906.30
958.51	905.20
958.75	898.50
958.99	898.20
959.24	899.10
959.48	895.50
959.72	905.20
959.97	901.60
960.21	891.70
960.45	889.00
960.70	893.60
960.94	890.70
961.18	891.70
961.43	886.70
961.67	893.70
961.91	893.70
962.16	892.40
962.40	898.40
962.64	897.90
962.89	894.20
963.13	890.20
963.37	886.50
963.62	873.20
963.86	882.80
964.10	891.30
964.35	885.80
964.59	894.90
964.83	877.10
965.08	887.70
965.32	882.10
965.56	869.40
965.81	877.50
966.05	872.80
966.29	861.50
966.54	873.90
966.78	879.20
967.02	869.00
967.27	870.00
967.51	868.10
967.75	870.40
967.99	853.60
968.24	858.20
968.48	857.20
968.72	854.00
968.97	847.70
969.21	854.10
969.45	849.40
969.70	846.60
969.94	846.60
970.18	842.90
970.42	842.30
970.67	834.90
970.91	823.60
971.15	830.10
971.40	835.00
971.64	826.00
971.88	831.70
972.12	820.00
972.37	824.40
972.61	821.10
972.85	811.70
973.10	815.60
973.34	812.00
973.58	812.00
973.82	808.10
974.07	800.70
974.31	800.60
974.55	791.10
974.80	793.20
975.04	792.60
975.28	785.20
975.52	798.40
975.77	778.60
976.01	775.60
976.25	778.80
976.50	784.20
976.74	784.40
976.98	775.40
977.22	773.10
977.47	766.80
977.71	760.70
977.95	763.60
978.19	777.10
978.44	762.20
978.68	764.40
978.92	750.90
979.16	754.20
979.41	737.40
979.65	745.60
979.89	745.90
980.13	738.00
980.38	732.20
980.62	727.50
980.86	736.60
981.10	734.40
981.35	716.20
981.59	720.70
981.83	723.40
982.07	710.60
982.32	719.30
982.56	700.60
982.80	694.70
983.04	699.60
983.29	710.10
983.53	710.10
983.77	696.00
984.01	696.40
984.26	681.80
984.50	687.10
984.74	683.00
984.98	675.40
985.23	674.20
985.47	671.60
985.71	664.20
985.95	672.50
986.19	673.50
986.44	657.80
986.68	652.90
986.92	654.10
987.16	657.40
987.41	645.00
987.65	644.30
987.89	629.40
988.13	628.10
988.37	633.90
988.62	634.10
988.86	636.00
989.10	632.10
989.34	612.80
989.59	613.30
989.83	614.20
990.07	617.30
990.31	618.40
990.55	615.50
990.80	604.90
991.04	599.10
991.28	600.90
991.52	589.00
991.76	588.80
992.01	578.40
992.25	579.20
992.49	585.50
992.73	583.30
992.97	582.50
993.22	572.90
993.46	568.10
993.70	565.60
993.94	557.90
994.18	558.00
994.43	551.80
994.67	550.90
994.91	545.80
995.15	544.70
995.39	538.60
995.64	541.40
995.88	526.50
996.12	526.50
996.36	522.30
996.60	525.40
996.84	522.70
997.09	512.50
997.33	522.80
997.57	525.90
997.81	519.90
998.05	521.40
998.30	520.80
998.54	508.10
998.78	499.10
999.02	497.60
999.26	487.70
999.50	490.80
999.75	487.70
999.99	479.90
1000.23	476.30
1000.47	477.70
1000.71	465.40
1000.95	471.30
1001.20	474.30
1001.44	467.90
1001.68	461.30
1001.92	461.60
1002.16	461.50
1002.40	455.10
1002.65	446.90
1002.89	452.10
1003.13	452.40
1003.37	442.90
1003.61	437.70
1003.85	437.70
1004.09	442.70
1004.34	438.90
1004.58	432.10
1004.82	422.10
1005.06	418.20
1005.30	419.40
1005.54	417.60
1005.78	409.20
1006.03	410.00
1006.27	405.70
1006.51	408.60
1006.75	397.40
1006.99	396.20
1007.23	390.20
1007.47	388.30
1007.72	397.80
1007.96	393.20
1008.20	391.10
1008.44	384.30
1008.68	386.90
1008.92	381.40
1009.16	375.20
1009.40	376.40
1009.65	379.80
1009.89	373.30
1010.13	375.30
1010.37	372.00
1010.61	373.50
1010.85	364.60
1011.09	358.50
1011.33	363.20
1011.58	364.80
1011.82	361.60
1012.06	353.80
1012.30	363.80
1012.54	356.30
1012.78	352.70
1013.02	351.60
1013.26	357.40
1013.50	351.10
1013.75	352.50
1013.99	345.30
1014.23	351.40
1014.47	345.00
1014.71	338.10
1014.95	337.20
1015.19	335.00
1015.43	338.10
1015.67	331.20
1015.92	339.10
1016.16	346.60
1016.40	329.00
1016.64	330.20
1016.88	326.00
1017.12	323.70
1017.36	329.40
1017.60	325.60
1017.84	328.30
1018.08	318.50
1018.32	313.50
1018.57	322.10
1018.81	314.90
1019.05	316.50
1019.29	306.80
1019.53	309.50
1019.77	308.30
1020.01	309.10
1020.25	301.00
1020.49	300.20
1020.73	297.90
1020.97	308.50
1021.21	305.60
1021.45	303.10
1021.70	303.60
1021.94	292.60
1022.18	293.10
1022.42	293.60
1022.66	289.00
1022.90	302.40
1023.14	286.10
1023.38	292.60
1023.62	278.70
1023.86	281.80
1024.10	278.40
1024.34	277.10
1024.58	276.20
1024.82	278.20
1025.06	280.00
1025.31	273.10
1025.55	268.70
1025.79	274.60
1026.03	271.80
1026.27	263.10
1026.51	261.70
1026.75	265.90
1026.99	261.10
1027.23	270.60
1027.47	260.60
1027.71	258.70
1027.95	242.60
1028.19	256.80
1028.43	254.10
1028.67	250.20
1028.91	247.60
1029.15	248.20
1029.39	242.50
1029.63	239.90
1029.87	252.90
1030.11	249.90
1030.36	238.80
1030.60	231.10
1030.84	242.10
1031.08	241.00
1031.32	229.50
1031.56	241.80
1031.80	249.20
1032.04	228.40
1032.28	231.60
1032.52	224.40
1032.76	218.20
1033.00	229.10
1033.24	223.80
1033.48	220.60
1033.72	214.80
1033.96	220.80
1034.20	225.60
1034.44	223.10
1034.68	217.50
1034.92	213.30
1035.16	213.00
1035.40	208.50
1035.64	201.70
1035.88	195.30
1036.12	202.00
1036.36	205.90
1036.60	195.00
1036.84	196.60
1037.08	196.50
1037.32	197.50
1037.56	200.50
1037.80	207.60
1038.04	201.20
1038.28	186.10
1038.52	195.70
1038.76	202.80
1039.00	197.80
1039.24	185.80
1039.48	191.60
1039.72	182.60
1039.96	186.10
1040.20	181.30
1040.44	177.70
1040.68	176.90
1040.92	173.70
1041.16	183.60
1041.40	184.30
1041.64	171.10
1041.88	173.00
1042.12	177.00
1042.36	179.40
1042.60	172.80
1042.84	170.80
1043.08	166.40
1043.32	167.40
1043.56	165.40
1043.80	175.50
1044.04	171.80
1044.28	166.40
1044.52	167.60
1044.76	165.40
1045.00	164.70
1045.24	160.40
1045.48	159.00
1045.72	158.60
1045.96	161.70
1046.19	165.90
1046.43	160.60
1046.67	161.10
1046.91	160.00
1047.15	155.10
1047.39	151.70
1047.63	154.50
1047.87	159.30
1048.11	156.80
1048.35	147.70
1048.59	159.20
1048.83	160.60
1049.07	147.70
1049.31	142.30
1049.55	151.40
1049.79	143.60
1050.03	145.60
1050.27	142.60
1050.51	144.20
1050.75	149.80
1050.99	144.80
1051.22	142.30
1051.46	144.30
1051.70	148.50
1051.94	139.60
1052.18	145.00
1052.42	146.50
1052.66	146.20
1052.90	141.10
1053.14	138.40
1053.38	139.80
1053.62	139.90
1053.86	130.50
1054.10	134.00
1054.34	130.20
1054.58	130.70
1054.81	128.90
1055.05	139.00
1055.29	124.80
1055.53	124.40
1055.77	127.80
1056.01	122.30
1056.25	125.80
1056.49	122.60
1056.73	127.30
1056.97	121.30
1057.21	112.00
1057.45	118.80
1057.69	111.50
1057.92	115.40
1058.16	119.70
1058.40	124.40
1058.64	118.50
1058.88	118.90
1059.12	117.40
1059.36	116.80
1059.60	121.70
1059.84	119.30
1060.08	114.00
1060.31	107.10
1060.55	114.70
1060.79	108.20
1061.03	108.80
1061.27	103.10
1061.51	103.70
1061.75	106.90
1061.99	106.70
1062.23	112.80
1062.47	103.90
1062.70	102.90
1062.94	107.80
1063.18	118.90
1063.42	110.40
1063.66	107.10
1063.90	107.30
1064.14	102.00
1064.38	96.00
1064.62	101.50
1064.85	99.70
1065.09	100.20
1065.33	99.20
1065.57	89.20
1065.81	96.50
1066.05	102.50
1066.29	105.10
1066.53	90.30
1066.76	95.00
1067.00	90.70
1067.24	93.60
1067.48	99.90
1067.72	103.00
1067.96	102.40
1068.20	94.10
1068.43	90.30
1068.67	91.70
1068.91	103.00
1069.15	99.60
1069.39	87.90
1069.63	85.40
1069.87	93.40
1070.11	93.10
1070.34	87.90
1070.58	77.80
1070.82	81.30
1071.06	86.40
1071.30	93.00
1071.54	86.00
1071.77	82.80
1072.01	87.10
1072.25	94.30
1072.49	86.90
1072.73	88.70
1072.97	85.90
1073.21	88.80
1073.44	90.60
1073.68	90.10
1073.92	87.20
1074.16	80.70
1074.40	79.40
1074.64	73.40
1074.87	80.80
1075.11	82.60
1075.35	85.10
1075.59	77.40
1075.83	79.20
1076.07	79.10
1076.30	87.20
1076.54	87.70
1076.78	75.40
1077.02	73.50
1077.26	78.40
1077.50	80.60
1077.73	69.30
1077.97	77.50
1078.21	75.50
1078.45	82.40
1078.69	71.70
1078.92	66.50
1079.16	72.60
1079.40	76.90
1079.64	75.40
1079.88	68.70
1080.12	68.60
1080.35	73.70
1080.59	68.40
1080.83	73.10
1081.07	72.90
1081.31	66.20
1081.54	58.00
1081.78	65.40
1082.02	67.70
1082.26	65.40
1082.50	69.70
1082.73	69.60
1082.97	68.40
1083.21	65.60
1083.45	65.40
1083.69	74.40
1083.92	72.50
1084.16	65.90
1084.40	64.20
1084.64	56.80
1084.88	55.30
1085.11	60.70
1085.35	65.10
1085.59	54.80
1085.83	60.30
1086.06	61.60
1086.30	64.70
1086.54	59.60
1086.78	54.20
1087.02	59.80
1087.25	60.70
1087.49	55.60
1087.73	54.10
1087.97	51.70
1088.20	47.40
1088.44	46.10
1088.68	49.20
1088.92	45.90
1089.16	50.40
1089.39	44.40
1089.63	54.40
1089.87	52.20
1090.11	47.60
1090.34	51.00
1090.58	48.50
1090.82	53.20
1091.06	42.20
1091.29	49.40
1091.53	41.10
1091.77	44.30
1092.01	40.50
1092.24	34.10
1092.48	39.50
1092.72	47.00
1092.96	44.00
1093.20	44.60
1093.43	38.40
1093.67	36.80
1093.91	39.50
1094.15	40.10
1094.38	40.00
1094.62	35.40
1094.86	44.30
1095.09	44.30
1095.33	36.20
1095.57	37.20
1095.81	39.30
1096.04	38.40
1096.28	39.90
1096.52	27.50
1096.76	42.60
1096.99	36.20
1097.23	30.00
1097.47	31.70
1097.71	24.00
1097.94	29.80
1098.18	27.60
1098.42	37.80
1098.65	28.10
1098.89	29.50
1099.13	25.50
1099.37	24.80
1099.60	22.60
1099.84	17.50
1100.08	19.90
1100.32	26.10
1100.55	23.70
1100.79	31.20
1101.03	22.60
1101.26	27.80
1101.50	25.10
1101.74	32.60
1101.98	32.10
1102.21	20.00
1102.45	18.90
1102.69	24.20
1102.92	19.20
1103.16	19.10
1103.40	19.80
1103.64	18.30
1103.87	16.90
1104.11	18.10
1104.35	21.40
1104.58	13.00
1104.82	8.70
1105.06	16.50
1105.29	19.60
1105.53	16.60
1105.77	28.80
1106.00	24.90
1106.24	22.10
1106.48	26.60
1106.72	17.70
1106.95	10.10
1107.19	20.30
1107.43	17.90
1107.66	13.80
1107.90	19.80
1108.14	15.00
1108.37	11.20
1108.61	14.70
1108.85	11.10
1109.08	19.90
1109.32	19.30
1109.56	16.60
1109.79	8.80
1110.03	15.40
1110.27	11.60
1110.50	3.10
1110.74	8.70
1110.98	8.80
1111.21	13.90
1111.45	20.20
1111.69	14.60
1111.92	11.90
1112.16	11.30
1112.40	11.30
1112.63	12.30
1112.87	8.80
1113.11	18.60
1113.34	17.30
1113.58	5.40
1113.82	2.50
1114.05	2.30
1114.29	4.60
1114.53	8.20
1114.76	14.70
1115.00	17.30
1115.24	9.60
1115.47	7.10
1115.71	10.10
1115.95	4.00
1116.18	8.50
1116.42	4.70
1116.66	4.90
1116.89	-1.40
1117.13	1.80
1117.36	2.10
1117.60	3.00
1117.84	9.20
1118.07	8.90
1118.31	11.10
1118.55	4.00
1118.78	2.70
1119.02	6.10
1119.26	1.70
1119.49	5.30
1119.73	1.30
1119.96	0.20
1120.20	-3.40
1120.44	-3.80
1120.67	-4.50
1120.91	2.00
1121.15	2.10
1121.38	4.50
1121.62	-1.70
