194.94	24.80
195.21	24.80
195.48	24.80
195.75	5.20
196.02	9.10
196.29	12.60
196.56	12.10
196.83	13.30
197.10	7.90
197.37	2.80
197.64	4.00
197.91	12.20
198.18	3.70
198.45	4.20
198.72	3.80
198.99	-4.80
199.26	2.10
199.53	0.40
199.80	3.90
200.07	3.60
200.34	8.10
200.61	12.50
200.87	1.30
201.14	4.70
201.41	11.40
201.68	20.40
201.95	4.80
202.22	5.50
202.49	7.60
202.76	16.50
203.03	9.40
203.30	7.60
203.57	6.20
203.84	8.50
204.11	2.90
204.38	2.90
204.65	2.90
204.92	7.60
205.19	10.80
205.46	3.30
205.73	10.40
206.00	10.30
206.27	8.30
206.54	10.50
206.80	8.90
207.07	6.10
207.34	13.70
207.61	-1.20
207.88	6.70
208.15	7.20
208.42	9.70
208.69	7.30
208.96	10.70
209.23	7.70
209.50	10.10
209.77	10.00
210.04	1.60
210.31	9.70
210.58	6.00
210.85	11.40
211.11	16.60
211.38	10.40
211.65	3.40
211.92	3.40
212.19	9.50
212.46	9.30
212.73	4.40
213.00	4.10
213.27	2.80
213.54	10.40
213.81	10.90
214.08	1.10
214.35	0.50
214.62	9.20
214.88	5.70
215.15	7.40
215.42	1.70
215.69	-1.80
215.96	2.10
216.23	3.10
216.50	2.40
216.77	10.50
217.04	6.10
217.31	0.40
217.58	-1.00
217.85	18.30
218.12	8.80
218.38	2.80
218.65	3.80
218.92	11.70
219.19	7.60
219.46	10.20
219.73	9.10
220.00	17.30
220.27	12.70
220.54	-2.40
220.81	-7.10
221.08	8.20
221.34	6.20
221.61	10.10
221.88	8.20
222.15	9.20
222.42	3.50
222.69	4.10
222.96	6.10
223.23	4.30
223.50	7.60
223.77	0.80
224.03	-2.00
224.30	13.30
224.57	3.70
224.84	8.50
225.11	5.80
225.38	3.10
225.65	9.10
225.92	7.10
226.19	3.80
226.46	9.30
226.72	0.50
226.99	2.20
227.26	8.70
227.53	15.50
227.80	10.30
228.07	2.10
228.34	1.10
228.61	1.00
228.88	5.70
229.14	1.30
229.41	10.10
229.68	6.50
229.95	-3.60
230.22	3.40
230.49	2.30
230.76	7.70
231.03	6.30
231.29	4.70
231.56	2.10
231.83	8.10
232.10	10.50
232.37	8.00
232.64	5.20
232.91	5.10
233.18	8.70
233.44	-0.10
233.71	8.00
233.98	13.50
234.25	10.30
234.52	4.90
234.79	5.90
235.06	10.00
235.33	9.50
235.59	5.60
235.86	10.10
236.13	13.00
236.40	8.40
236.67	6.50
236.94	13.20
237.21	16.00
237.47	3.90
237.74	2.70
238.01	3.00
238.28	7.60
238.55	11.90
238.82	8.10
239.09	1.40
239.35	10.80
239.62	8.40
239.89	3.70
240.16	3.20
240.43	12.20
240.70	14.20
240.97	4.90
241.23	6.30
241.50	13.30
241.77	5.30
242.04	-4.00
242.31	1.40
242.58	1.50
242.84	4.50
243.11	10.70
243.38	15.20
243.65	15.70
243.92	10.10
244.19	7.00
244.46	8.50
244.72	12.20
244.99	10.30
245.26	0.10
245.53	10.60
245.80	7.60
246.07	0.80
246.33	5.20
246.60	4.90
246.87	5.90
247.14	0.20
247.41	4.00
247.68	11.90
247.94	20.60
248.21	17.70
248.48	9.70
248.75	4.60
249.02	14.10
249.29	13.90
249.55	3.90
249.82	5.40
250.09	5.40
250.36	10.70
250.63	6.30
250.89	15.00
251.16	14.00
251.43	5.30
251.70	7.20
251.97	14.40
252.24	5.80
252.50	3.60
252.77	-4.70
253.04	-4.20
253.31	9.90
253.58	9.60
253.84	5.30
254.11	-0.50
254.38	14.70
254.65	9.30
254.92	2.00
255.19	1.70
255.45	10.00
255.72	16.90
255.99	6.30
256.26	0.90
256.53	2.70
256.79	7.10
257.06	6.00
257.33	10.80
257.60	18.20
257.87	6.10
258.13	3.50
258.40	12.10
258.67	6.00
258.94	0.20
259.21	-2.90
259.47	3.60
259.74	7.00
260.01	3.60
260.28	1.30
260.55	1.50
260.81	10.10
261.08	16.10
261.35	10.30
261.62	9.60
261.89	17.50
262.15	8.20
262.42	6.80
262.69	12.40
262.96	8.60
263.23	0.30
263.49	6.40
263.76	2.90
264.03	-4.20
264.30	7.20
264.56	9.10
264.83	-1.70
265.10	-0.80
265.37	1.00
265.64	1.60
265.90	-0.70
266.17	1.90
266.44	10.10
266.71	6.90
266.97	11.70
267.24	10.60
267.51	9.10
267.78	-2.10
268.05	0.00
268.31	7.60
268.58	4.00
268.85	1.70
269.12	5.20
269.38	11.00
269.65	8.00
269.92	8.10
270.19	2.50
270.45	9.20
270.72	6.80
270.99	2.40
271.26	11.20
271.53	10.80
271.79	4.40
272.06	5.70
272.33	5.90
272.60	9.80
272.86	8.90
273.13	1.40
273.40	0.60
273.67	10.00
273.93	3.60
274.20	8.00
274.47	11.00
274.74	9.50
275.00	-0.30
275.27	-2.30
275.54	1.90
275.81	6.70
276.07	1.00
276.34	4.20
276.61	4.20
276.88	10.20
277.14	3.80
277.41	8.60
277.68	4.70
277.95	13.70
278.21	11.50
278.48	3.40
278.75	4.00
279.02	8.20
279.28	12.70
279.55	2.50
279.82	-1.50
280.09	4.10
280.35	6.60
280.62	8.80
280.89	7.10
281.16	7.00
281.42	6.70
281.69	-3.20
281.96	-7.70
282.22	-0.30
282.49	-1.00
282.76	4.50
283.03	7.90
283.29	3.30
283.56	-1.20
283.83	-5.10
284.10	4.20
284.36	9.60
284.63	0.50
284.90	8.60
285.16	16.50
285.43	15.70
285.70	8.60
285.97	7.40
286.23	5.50
286.50	8.20
286.77	11.20
287.04	0.10
287.30	6.70
287.57	9.30
287.84	11.80
288.10	9.50
288.37	10.40
288.64	14.80
288.91	19.30
289.17	8.60
289.44	2.90
289.71	-4.00
289.97	6.00
290.24	10.30
290.51	6.10
290.78	9.70
291.04	8.20
291.31	3.30
291.58	6.50
291.84	10.20
292.11	8.70
292.38	6.80
292.64	11.50
292.91	11.40
293.18	6.50
293.45	-1.80
293.71	4.90
293.98	13.40
294.25	14.80
294.51	6.00
294.78	8.60
295.05	-1.30
295.31	1.10
295.58	4.20
295.85	-1.40
296.12	0.40
296.38	3.90
296.65	6.50
296.92	6.70
297.18	4.00
297.45	1.90
297.72	12.20
297.98	6.30
298.25	11.70
298.52	4.90
298.78	7.10
299.05	5.70
299.32	5.20
299.58	2.10
299.85	10.10
300.12	9.80
300.39	11.90
300.65	13.50
300.92	3.70
301.19	5.60
301.45	1.30
301.72	4.50
301.99	4.40
302.25	5.60
302.52	2.20
302.79	-2.30
303.05	1.30
303.32	6.50
303.59	3.10
303.85	12.30
304.12	8.90
304.39	7.30
304.65	8.70
304.92	6.80
305.19	5.20
305.45	9.80
305.72	17.10
305.99	9.20
306.25	8.80
306.52	17.50
306.79	24.40
307.05	8.30
307.32	8.20
307.59	-2.30
307.85	2.80
308.12	9.30
308.39	5.40
308.65	6.50
308.92	10.00
309.19	9.40
309.45	6.30
309.72	7.50
309.98	9.50
310.25	6.90
310.52	5.30
310.78	12.30
311.05	11.80
311.32	15.10
311.58	10.40
311.85	6.80
312.12	12.30
312.38	8.80
312.65	2.50
312.92	7.90
313.18	10.10
313.45	8.10
313.72	1.60
313.98	-0.80
314.25	7.30
314.51	10.00
314.78	4.80
315.05	7.60
315.31	8.00
315.58	12.20
315.85	0.60
316.11	4.10
316.38	4.40
316.65	0.50
316.91	5.20
317.18	11.20
317.44	14.70
317.71	13.60
317.98	7.20
318.24	-1.90
318.51	1.70
318.78	6.30
319.04	5.60
319.31	0.90
319.57	2.80
319.84	9.20
320.11	8.40
320.37	10.10
320.64	13.80
320.91	16.80
321.17	8.20
321.44	4.50
321.70	10.70
321.97	9.90
322.24	3.10
322.50	3.70
322.77	12.10
323.03	4.10
323.30	5.60
323.57	13.10
323.83	20.20
324.10	12.30
324.37	6.80
324.63	6.90
324.90	11.70
325.16	9.40
325.43	-0.80
325.70	2.60
325.96	9.10
326.23	9.40
326.49	2.10
326.76	1.10
327.03	4.10
327.29	5.60
327.56	7.50
327.82	1.10
328.09	11.50
328.36	7.40
328.62	-0.30
328.89	4.80
329.15	3.40
329.42	-1.20
329.69	2.80
329.95	2.90
330.22	2.00
330.48	10.60
330.75	7.00
331.02	4.10
331.28	1.20
331.55	1.20
331.81	5.60
332.08	16.70
332.34	13.50
332.61	3.60
332.88	-6.10
333.14	-1.20
333.41	4.00
333.67	8.60
333.94	9.70
334.21	5.20
334.47	4.90
334.74	15.10
335.00	6.80
335.27	3.60
335.53	0.00
335.80	1.10
336.07	2.70
336.33	4.10
336.60	6.50
336.86	4.90
337.13	-0.80
337.39	0.60
337.66	10.70
337.93	9.80
338.19	12.80
338.46	10.90
338.72	4.00
338.99	2.90
339.25	7.50
339.52	13.70
339.79	11.90
340.05	11.20
340.32	10.30
340.58	16.60
340.85	10.70
341.11	11.40
341.38	3.20
341.65	-1.70
341.91	9.10
342.18	10.40
342.44	9.20
342.71	10.20
342.97	-0.30
343.24	6.50
343.50	0.60
343.77	12.80
344.03	11.60
344.30	2.70
344.57	-2.50
344.83	0.90
345.10	7.10
345.36	10.80
345.63	9.10
345.89	7.00
346.16	11.60
346.42	5.10
346.69	-0.60
346.96	6.50
347.22	1.70
347.49	2.70
347.75	9.60
348.02	10.70
348.28	11.30
348.55	5.10
348.81	3.20
349.08	5.40
349.34	13.80
349.61	10.40
349.87	3.80
350.14	4.30
350.40	10.00
350.67	9.30
350.94	5.20
351.20	12.00
351.47	14.20
351.73	8.70
352.00	7.60
352.26	11.60
352.53	8.10
352.79	11.10
353.06	14.10
353.32	5.90
353.59	8.90
353.85	2.30
354.12	-0.30
354.38	-0.60
354.65	2.40
354.91	6.90
355.18	13.20
355.44	6.40
355.71	12.60
355.97	-2.20
356.24	1.20
356.51	-0.20
356.77	11.30
357.04	11.70
357.30	7.50
357.57	14.60
357.83	16.50
358.10	12.50
358.36	10.20
358.63	9.10
358.89	15.70
359.16	7.20
359.42	4.00
359.69	5.50
359.95	4.90
360.22	6.30
360.48	9.80
360.75	7.40
361.01	14.70
361.28	8.80
361.54	8.10
361.81	-3.10
362.07	-2.80
362.34	-1.90
362.60	-3.70
362.87	1.80
363.13	3.20
363.40	3.40
363.66	5.00
363.93	6.10
364.19	16.40
364.46	17.40
364.72	8.60
364.99	0.90
365.25	4.20
365.52	10.80
365.78	10.80
366.04	20.90
366.31	14.00
366.57	3.90
366.84	7.30
367.10	9.80
367.37	6.50
367.63	-4.00
367.90	-3.00
368.16	6.90
368.43	12.10
368.69	9.80
368.96	5.20
369.22	8.00
369.49	13.90
369.75	11.50
370.02	1.40
370.28	-2.20
370.55	5.10
370.81	6.70
371.08	8.70
371.34	6.30
371.60	5.70
371.87	8.30
372.13	0.60
372.40	7.70
372.66	14.20
372.93	2.40
373.19	9.60
373.46	9.70
373.72	9.70
373.99	9.00
374.25	5.90
374.52	8.10
374.78	12.90
375.04	3.20
375.31	8.70
375.57	5.00
375.84	15.70
376.10	2.40
376.37	-2.60
376.63	1.70
376.90	10.90
377.16	18.00
377.43	4.10
377.69	7.50
377.95	14.40
378.22	7.20
378.48	5.80
378.75	10.20
379.01	9.00
379.28	3.20
379.54	1.00
379.81	4.10
380.07	9.00
380.33	4.00
380.60	2.90
380.86	3.40
381.13	15.90
381.39	10.00
381.66	6.10
381.92	8.30
382.19	8.50
382.45	1.50
382.71	2.60
382.98	0.40
383.24	4.30
383.51	8.00
383.77	9.20
384.04	1.40
384.30	10.60
384.56	11.50
384.83	10.80
385.09	3.60
385.36	10.20
385.62	5.10
385.89	2.70
386.15	1.20
386.41	7.80
386.68	9.40
386.94	3.10
387.21	2.80
387.47	8.00
387.74	14.80
388.00	13.80
388.26	6.30
388.53	-1.40
388.79	5.80
389.06	5.90
389.32	7.40
389.58	6.50
389.85	9.50
390.11	3.20
390.38	9.40
390.64	7.50
390.90	1.20
391.17	8.70
391.43	2.60
391.70	8.20
391.96	11.80
392.23	0.10
392.49	8.50
392.75	12.30
393.02	2.90
393.28	14.20
393.55	5.90
393.81	8.00
394.07	3.70
394.34	-0.30
394.60	5.70
394.87	7.90
395.13	6.40
395.39	10.30
395.66	6.70
395.92	6.10
396.18	1.70
396.45	4.50
396.71	5.60
396.98	9.70
397.24	7.70
397.50	1.30
397.77	6.80
398.03	9.50
398.30	7.10
398.56	-2.70
398.82	8.70
399.09	15.10
399.35	11.00
399.62	8.40
399.88	6.40
400.14	5.90
400.41	-4.80
400.67	-0.60
400.93	8.50
401.20	16.10
401.46	14.30
401.73	5.30
401.99	2.40
402.25	6.60
402.52	8.10
402.78	5.70
403.04	4.40
403.31	1.20
403.57	6.50
403.84	-1.70
404.10	19.30
404.36	52.30
404.63	9.60
404.89	6.70
405.15	12.40
405.42	7.60
405.68	3.30
405.94	2.80
406.21	3.40
406.47	4.20
406.74	4.70
407.00	7.10
407.26	4.80
407.53	3.50
407.79	6.60
408.05	2.80
408.32	8.40
408.58	15.20
408.84	7.70
409.11	5.60
409.37	12.50
409.63	11.80
409.90	12.20
410.16	6.40
410.42	1.70
410.69	2.40
410.95	6.00
411.22	3.30
411.48	11.50
411.74	7.20
412.01	5.70
412.27	1.60
412.53	7.20
412.80	0.70
413.06	-4.60
413.32	6.80
413.59	11.60
413.85	3.30
414.11	0.30
414.38	6.20
414.64	17.50
414.90	7.80
415.17	5.30
415.43	4.30
415.69	8.90
415.96	10.20
416.22	10.60
416.48	8.10
416.75	14.60
417.01	17.80
417.27	12.90
417.54	-2.00
417.80	-0.70
418.06	4.80
418.33	1.90
418.59	1.40
418.85	8.10
419.12	21.80
419.38	14.20
419.64	4.00
419.91	6.40
420.17	8.70
420.43	6.20
420.69	9.20
420.96	5.30
421.22	13.60
421.48	9.10
421.75	7.40
422.01	7.70
422.27	12.00
422.54	9.00
422.80	3.90
423.06	5.10
423.33	15.80
423.59	8.40
423.85	13.30
424.11	9.50
424.38	16.70
424.64	5.30
424.90	9.40
425.17	4.40
425.43	13.60
425.69	9.00
425.96	0.60
426.22	-1.60
426.48	11.50
426.75	0.70
427.01	0.90
427.27	2.90
427.53	7.40
427.80	1.90
428.06	7.40
428.32	0.70
428.59	10.90
428.85	11.00
429.11	2.90
429.37	2.40
429.64	8.20
429.90	1.20
430.16	5.80
430.43	7.40
430.69	10.60
430.95	3.90
431.21	-7.90
431.48	6.50
431.74	23.00
432.00	11.90
432.27	5.40
432.53	7.50
432.79	8.60
433.05	6.20
433.32	8.90
433.58	9.10
433.84	12.20
434.11	10.40
434.37	9.90
434.63	6.10
434.89	13.40
435.16	7.60
435.42	-0.60
435.68	7.30
435.94	0.90
436.21	10.50
436.47	5.90
436.73	9.00
436.99	15.60
437.26	-1.20
437.52	6.20
437.78	0.70
438.05	15.80
438.31	6.20
438.57	5.00
438.83	13.50
439.10	13.30
439.36	12.40
439.62	7.00
439.88	8.30
440.15	22.20
440.41	14.90
440.67	3.40
440.93	4.70
441.20	7.30
441.46	3.20
441.72	1.30
441.98	7.30
442.25	9.90
442.51	8.10
442.77	10.70
443.03	9.10
443.30	6.00
443.56	3.50
443.82	15.00
444.08	5.70
444.35	9.30
444.61	5.80
444.87	8.40
445.13	3.80
445.40	0.50
445.66	-4.40
445.92	2.60
446.18	1.80
446.44	12.90
446.71	6.70
446.97	3.50
447.23	8.90
447.49	8.20
447.76	5.50
448.02	6.90
448.28	6.30
448.54	6.70
448.81	10.20
449.07	8.20
449.33	6.30
449.59	7.10
449.85	13.70
450.12	9.00
450.38	7.40
450.64	10.50
450.90	8.70
451.17	5.30
451.43	2.20
451.69	16.80
451.95	6.10
452.21	2.70
452.48	7.40
452.74	9.90
453.00	12.00
453.26	6.30
453.53	6.80
453.79	1.40
454.05	14.30
454.31	7.80
454.57	5.60
454.84	6.80
455.10	9.20
455.36	2.80
455.62	9.20
455.88	11.20
456.15	7.70
456.41	9.00
456.67	12.50
456.93	11.60
457.19	7.50
457.46	7.80
457.72	3.10
457.98	11.30
458.24	-0.20
458.50	4.30
458.77	7.40
459.03	14.10
459.29	15.40
459.55	11.20
459.81	6.10
460.08	8.60
460.34	15.90
460.60	2.90
460.86	1.90
461.12	3.50
461.39	-2.70
461.65	5.40
461.91	4.40
462.17	13.00
462.43	2.40
462.69	10.80
462.96	3.00
463.22	2.60
463.48	4.20
463.74	2.50
464.00	6.00
464.27	9.90
464.53	1.50
464.79	-2.60
465.05	2.70
465.31	4.50
465.57	-1.40
465.84	-1.30
466.10	8.90
466.36	17.20
466.62	8.00
466.88	7.70
467.14	7.00
467.41	9.90
467.67	9.80
467.93	4.00
468.19	-0.70
468.45	8.90
468.71	11.40
468.98	3.10
469.24	7.00
469.50	3.70
469.76	-1.00
470.02	3.10
470.28	5.80
470.55	15.40
470.81	11.90
471.07	7.70
471.33	5.10
471.59	2.40
471.85	9.00
472.11	2.70
472.38	5.50
472.64	8.60
472.90	6.50
473.16	2.00
473.42	6.50
473.68	11.50
473.95	10.50
474.21	14.80
474.47	13.50
474.73	14.70
474.99	3.40
475.25	-0.50
475.51	0.00
475.78	7.30
476.04	6.00
476.30	3.20
476.56	6.00
476.82	12.80
477.08	5.70
477.34	-0.50
477.61	3.80
477.87	4.10
478.13	9.00
478.39	5.20
478.65	6.60
478.91	6.80
479.17	4.70
479.43	8.10
479.70	1.00
479.96	-1.60
480.22	1.60
480.48	7.30
480.74	11.20
481.00	13.90
481.26	11.80
481.52	7.00
481.79	6.70
482.05	1.70
482.31	13.50
482.57	5.40
482.83	13.40
483.09	12.30
483.35	5.70
483.61	6.40
483.88	3.50
484.14	2.50
484.40	9.80
484.66	9.10
484.92	4.90
485.18	9.80
485.44	9.90
485.70	6.30
485.96	12.90
486.23	15.50
486.49	7.70
486.75	-3.40
487.01	8.80
487.27	5.90
487.53	15.50
487.79	9.50
488.05	7.30
488.31	9.20
488.57	-2.20
488.84	7.60
489.10	12.90
489.36	12.10
489.62	12.10
489.88	7.80
490.14	1.30
490.40	6.10
490.66	14.10
490.92	16.60
491.18	11.40
491.44	16.10
491.71	12.70
491.97	8.20
492.23	9.10
492.49	9.30
492.75	16.50
493.01	1.10
493.27	9.30
493.53	17.30
493.79	2.80
494.05	4.60
494.31	8.60
494.58	12.20
494.84	10.50
495.10	3.70
495.36	0.90
495.62	9.00
495.88	6.20
496.14	4.60
496.40	1.10
496.66	11.90
496.92	8.50
497.18	5.50
497.44	12.80
497.70	12.30
497.96	3.60
498.23	1.70
498.49	2.50
498.75	10.50
499.01	12.50
499.27	5.80
499.53	11.70
499.79	1.30
500.05	8.40
500.31	12.50
500.57	2.30
500.83	6.50
501.09	2.60
501.35	11.20
501.61	5.30
501.87	5.90
502.13	-1.10
502.40	2.30
502.66	9.60
502.92	17.30
503.18	10.80
503.44	12.70
503.70	6.20
503.96	12.00
504.22	8.20
504.48	8.60
504.74	8.00
505.00	14.90
505.26	14.40
505.52	4.20
505.78	1.90
506.04	4.50
506.30	9.20
506.56	-2.40
506.82	1.50
507.08	8.20
507.34	9.80
507.60	10.20
507.86	15.50
508.13	11.00
508.39	1.00
508.65	4.10
508.91	2.00
509.17	5.70
509.43	6.60
509.69	4.30
509.95	3.70
510.21	8.20
510.47	7.30
510.73	4.80
510.99	5.00
511.25	9.30
511.51	10.80
511.77	-2.00
512.03	-1.10
512.29	8.90
512.55	16.10
512.81	8.40
513.07	4.70
513.33	4.50
513.59	2.00
513.85	5.10
514.11	1.50
514.37	3.50
514.63	7.90
514.89	3.70
515.15	-1.40
515.41	3.90
515.67	5.00
515.93	3.60
516.19	8.70
516.45	9.90
516.71	6.60
516.97	5.30
517.23	11.60
517.49	8.30
517.75	-0.10
518.01	1.10
518.27	3.70
518.53	8.10
518.79	4.70
519.05	4.50
519.31	8.20
519.57	15.70
519.83	11.10
520.09	1.30
520.35	7.30
520.61	10.30
520.87	9.00
521.13	4.70
521.39	5.00
521.65	4.60
521.91	5.30
522.17	5.40
522.43	14.10
522.69	13.40
522.95	10.70
523.21	11.30
523.47	11.00
523.73	7.30
523.99	2.30
524.25	9.70
524.51	7.80
524.77	12.60
525.03	14.40
525.29	8.90
525.55	2.50
525.81	0.40
526.07	6.00
526.33	7.40
526.59	7.40
526.85	4.90
527.11	18.50
527.37	10.10
527.63	11.40
527.89	13.70
528.15	10.90
528.41	4.70
528.67	5.70
528.93	7.10
529.19	7.30
529.45	6.60
529.71	7.30
529.96	5.20
530.22	9.70
530.48	4.50
530.74	5.50
531.00	10.50
531.26	6.60
531.52	7.40
531.78	2.30
532.04	-0.30
532.30	6.00
532.56	4.40
532.82	10.10
533.08	1.00
533.34	6.10
533.60	8.00
533.86	8.20
534.12	10.30
534.38	15.60
534.64	-0.40
534.90	10.60
535.16	15.40
535.42	8.90
535.67	3.50
535.93	6.80
536.19	11.70
536.45	-1.40
536.71	5.70
536.97	4.90
537.23	11.10
537.49	7.00
537.75	10.20
538.01	8.60
538.27	13.70
538.53	5.00
538.79	-5.20
539.05	3.40
539.31	7.20
539.57	12.70
539.82	4.00
540.08	5.60
540.34	17.60
540.60	6.20
540.86	1.70
541.12	9.10
541.38	7.30
541.64	-2.60
541.90	2.20
542.16	1.70
542.42	8.50
542.68	11.60
542.94	4.70
543.19	8.80
543.45	12.20
543.71	6.20
543.97	9.20
544.23	9.70
544.49	15.30
544.75	5.50
545.01	3.20
545.27	11.00
545.53	11.70
545.79	8.80
546.05	15.30
546.30	11.80
546.56	10.20
546.82	5.60
547.08	-7.40
547.34	-1.50
547.60	10.50
547.86	10.70
548.12	5.90
548.38	14.70
548.64	3.00
548.89	-3.90
549.15	1.60
549.41	7.90
549.67	6.90
549.93	-1.40
550.19	-2.10
550.45	13.60
550.71	11.80
550.97	9.70
551.23	3.00
551.48	10.10
551.74	9.10
552.00	13.60
552.26	10.90
552.52	9.10
552.78	10.00
553.04	11.10
553.30	6.50
553.56	4.60
553.81	7.00
554.07	5.90
554.33	12.90
554.59	5.30
554.85	-0.10
555.11	0.40
555.37	-2.30
555.63	12.80
555.88	8.10
556.14	6.50
556.40	6.10
556.66	8.60
556.92	15.40
557.18	10.90
557.44	8.20
557.70	8.30
557.95	7.30
558.21	10.60
558.47	5.60
558.73	1.40
558.99	10.50
559.25	9.00
559.51	7.00
559.76	1.50
560.02	14.40
560.28	6.90
560.54	9.40
560.80	9.30
561.06	11.80
561.32	7.70
561.58	5.90
561.83	6.00
562.09	6.90
562.35	0.40
562.61	7.80
562.87	12.30
563.13	7.80
563.38	5.90
563.64	5.70
563.90	4.50
564.16	4.60
564.42	0.00
564.68	2.80
564.94	10.60
565.19	19.30
565.45	5.50
565.71	3.50
565.97	3.40
566.23	11.10
566.49	4.30
566.74	9.50
567.00	8.00
567.26	11.10
567.52	7.10
567.78	8.00
568.04	6.30
568.29	1.50
568.55	5.60
568.81	6.70
569.07	10.00
569.33	6.90
569.59	4.40
569.84	5.50
570.10	4.80
570.36	-2.40
570.62	1.00
570.88	4.60
571.14	11.20
571.39	10.10
571.65	10.70
571.91	3.60
572.17	7.20
572.43	4.80
572.69	7.90
572.94	6.20
573.20	7.80
573.46	11.10
573.72	-2.40
573.98	12.60
574.23	12.50
574.49	13.60
574.75	2.80
575.01	8.00
575.27	5.60
575.53	12.90
575.78	5.20
576.04	5.00
576.30	-0.40
576.56	1.60
576.82	7.80
577.07	14.70
577.33	12.40
577.59	9.10
577.85	11.30
578.11	12.40
578.36	13.70
578.62	7.20
578.88	0.70
579.14	9.70
579.40	13.40
579.65	22.50
579.91	4.10
580.17	1.90
580.43	10.70
580.69	18.60
580.94	28.50
581.20	17.30
581.46	11.30
581.72	13.90
581.97	9.40
582.23	3.90
582.49	4.50
582.75	-2.10
583.01	1.60
583.26	3.10
583.52	7.50
583.78	16.80
584.04	4.10
584.30	12.00
584.55	6.70
584.81	1.60
585.07	4.00
585.33	0.20
585.58	3.30
585.84	11.00
586.10	5.60
586.36	11.20
586.61	0.90
586.87	4.90
587.13	-4.70
587.39	1.90
587.65	4.80
587.90	13.20
588.16	3.40
588.42	6.70
588.68	8.60
588.93	3.30
589.19	-4.10
589.45	1.80
589.71	4.90
589.96	17.10
590.22	19.90
590.48	12.20
590.74	8.80
590.99	22.50
591.25	7.00
591.51	3.50
591.77	8.60
592.02	15.70
592.28	14.60
592.54	8.90
592.80	13.10
593.05	10.50
593.31	11.80
593.57	6.90
593.83	15.90
594.08	12.80
594.34	11.30
594.60	6.50
594.86	8.50
595.11	18.00
595.37	15.80
595.63	5.50
595.89	7.30
596.14	14.50
596.40	6.40
596.66	1.80
596.92	3.60
597.17	15.70
597.43	9.70
597.69	11.60
597.95	11.60
598.20	19.20
598.46	11.50
598.72	11.70
598.97	16.40
599.23	8.60
599.49	2.70
599.75	7.40
600.00	11.50
600.26	6.70
600.52	1.60
600.78	6.70
601.03	6.20
601.29	14.90
601.55	7.80
601.80	2.70
602.06	7.70
602.32	4.40
602.58	11.70
602.83	10.00
603.09	10.20
603.35	21.20
603.60	14.90
603.86	10.10
604.12	12.60
604.38	10.90
604.63	3.90
604.89	7.70
605.15	11.20
605.40	13.20
605.66	12.70
605.92	8.20
606.18	9.00
606.43	11.20
606.69	11.30
606.95	7.10
607.20	5.90
607.46	13.80
607.72	15.30
607.97	6.60
608.23	5.50
608.49	10.40
608.75	11.90
609.00	11.10
609.26	9.30
609.52	12.30
609.77	12.30
610.03	6.80
610.29	15.20
610.54	20.30
610.80	14.40
611.06	11.20
611.31	9.40
611.57	9.10
611.83	9.60
612.08	9.70
612.34	4.90
612.60	7.60
612.86	14.70
613.11	9.80
613.37	2.00
613.63	10.30
613.88	15.80
614.14	12.40
614.40	19.60
614.65	10.20
614.91	0.80
615.17	5.50
615.42	13.10
615.68	20.20
615.94	11.00
616.19	8.90
616.45	8.10
616.71	15.80
616.96	1.20
617.22	6.70
617.48	8.90
617.73	8.80
617.99	10.80
618.25	2.90
618.50	2.70
618.76	9.20
619.02	11.50
619.27	13.80
619.53	14.90
619.79	8.80
620.04	3.50
620.30	6.40
620.56	8.30
620.81	12.20
621.07	15.60
621.32	9.10
621.58	5.10
621.84	5.40
622.09	22.40
622.35	7.30
622.61	5.20
622.86	16.40
623.12	16.50
623.38	11.80
623.63	14.00
623.89	12.20
624.15	8.50
624.40	7.40
624.66	10.20
624.92	13.20
625.17	3.40
625.43	3.20
625.68	8.70
625.94	19.00
626.20	11.60
626.45	9.30
626.71	7.00
626.97	14.00
627.22	11.30
627.48	18.50
627.73	8.80
627.99	6.30
628.25	4.80
628.50	5.30
628.76	4.30
629.02	16.00
629.27	8.90
629.53	14.00
629.78	10.40
630.04	7.40
630.30	11.50
630.55	13.90
630.81	11.80
631.07	13.90
631.32	15.00
631.58	16.80
631.83	13.50
632.09	17.90
632.35	18.70
632.60	5.50
632.86	-6.20
633.11	10.10
633.37	8.50
633.63	8.10
633.88	4.50
634.14	8.90
634.40	1.20
634.65	9.30
634.91	17.80
635.16	7.40
635.42	9.30
635.68	8.10
635.93	9.80
636.19	6.60
636.44	15.50
636.70	10.90
636.96	6.10
637.21	10.70
637.47	4.50
637.72	1.40
637.98	7.50
638.23	7.60
638.49	9.60
638.75	3.20
639.00	6.30
639.26	7.90
639.51	5.80
639.77	8.00
640.03	6.30
640.28	12.80
640.54	12.70
640.79	5.60
641.05	10.00
641.30	15.00
641.56	20.30
641.82	10.70
642.07	11.20
642.33	8.40
642.58	9.20
642.84	9.80
643.10	9.00
643.35	7.30
643.61	14.40
643.86	10.70
644.12	10.10
644.37	11.70
644.63	4.70
644.89	13.10
645.14	11.10
645.40	12.00
645.65	6.60
645.91	7.60
646.16	4.80
646.42	2.60
646.67	9.30
646.93	8.90
647.19	10.30
647.44	0.70
647.70	2.10
647.95	6.70
648.21	6.10
648.46	4.90
648.72	3.60
648.97	5.00
649.23	10.60
649.49	2.50
649.74	3.60
650.00	3.80
650.25	8.50
650.51	5.80
650.76	1.20
651.02	10.80
651.27	12.30
651.53	15.00
651.79	10.30
652.04	14.20
652.30	10.60
652.55	9.60
652.81	9.60
653.06	11.80
653.32	7.40
653.57	8.40
653.83	11.30
654.08	-1.70
654.34	11.40
654.59	2.00
654.85	15.50
655.10	17.60
655.36	6.10
655.62	3.80
655.87	11.20
656.13	7.20
656.38	9.20
656.64	10.00
656.89	9.00
657.15	5.10
657.40	0.80
657.66	9.70
657.91	3.60
658.17	9.80
658.42	7.10
658.68	12.70
658.93	9.50
659.19	7.00
659.44	6.90
659.70	9.80
659.95	4.70
660.21	5.60
660.46	7.50
660.72	5.30
660.97	0.30
661.23	1.60
661.48	20.10
661.74	19.30
661.99	12.20
662.25	14.00
662.51	13.30
662.76	23.00
663.02	1.00
663.27	10.10
663.53	16.70
663.78	15.20
664.04	13.50
664.29	5.90
664.55	1.00
664.80	8.60
665.06	10.60
665.31	12.90
665.56	21.50
665.82	19.30
666.07	14.70
666.33	9.70
666.58	8.90
666.84	13.50
667.09	10.90
667.35	15.70
667.60	11.00
667.86	16.30
668.11	12.20
668.37	10.50
668.62	1.20
668.88	-3.60
669.13	6.80
669.39	10.00
669.64	13.40
669.90	12.00
670.15	6.60
670.41	8.00
670.66	16.00
670.92	13.40
671.17	5.00
671.43	1.30
671.68	10.00
671.94	16.80
672.19	8.50
672.44	8.60
672.70	8.10
672.95	5.10
673.21	10.00
673.46	11.60
673.72	11.40
673.97	16.90
674.23	3.00
674.48	7.00
674.74	3.80
674.99	7.80
675.25	8.80
675.50	3.70
675.75	7.20
676.01	12.00
676.26	12.60
676.52	5.60
676.77	1.90
677.03	4.80
677.28	11.40
677.54	4.60
677.79	5.10
678.05	4.60
678.30	5.90
678.55	2.20
678.81	11.70
679.06	15.20
679.32	12.30
679.57	7.50
679.83	8.70
680.08	9.10
680.34	0.90
680.59	2.40
680.84	5.70
681.10	12.00
681.35	7.40
681.61	3.60
681.86	10.30
682.12	14.60
682.37	14.20
682.62	8.10
682.88	13.10
683.13	8.20
683.39	11.60
683.64	10.80
683.90	10.20
684.15	6.10
684.40	7.70
684.66	6.80
684.91	4.50
685.17	10.40
685.42	7.50
685.68	4.10
685.93	-0.70
686.18	11.20
686.44	12.40
686.69	10.90
686.95	10.70
687.20	17.90
687.46	8.70
687.71	7.40
687.96	4.60
688.22	0.50
688.47	6.10
688.73	14.80
688.98	5.20
689.23	7.20
689.49	4.80
689.74	2.20
690.00	7.00
690.25	0.20
690.50	7.20
690.76	5.30
691.01	12.20
691.27	17.80
691.52	4.30
691.77	2.60
692.03	10.70
692.28	13.60
692.54	6.50
692.79	1.90
693.04	2.20
693.30	5.40
693.55	-3.00
693.81	-0.40
694.06	-1.50
694.31	0.40
694.57	1.30
694.82	15.00
695.08	7.50
695.33	18.50
695.58	5.50
695.84	14.20
696.09	11.00
696.34	16.00
696.60	11.90
696.85	7.60
697.11	7.50
697.36	4.30
697.61	5.20
697.87	3.60
698.12	3.90
698.37	10.10
698.63	6.00
698.88	1.20
699.14	6.50
699.39	10.90
699.64	12.80
699.90	5.50
700.15	-2.00
700.40	-3.50
700.66	11.50
700.91	7.20
701.17	6.80
701.42	8.20
701.67	7.30
701.93	0.10
702.18	6.80
702.43	12.70
702.69	6.10
702.94	4.70
703.19	5.20
703.45	2.70
703.70	-0.90
703.95	5.70
704.21	9.00
704.46	8.80
704.72	7.20
704.97	-2.30
705.22	-0.70
705.48	1.00
705.73	9.70
705.98	9.90
706.24	8.20
706.49	6.90
706.74	10.10
707.00	7.20
707.25	10.70
707.50	12.80
707.76	8.70
708.01	9.60
708.26	18.10
708.52	13.20
708.77	7.20
709.02	2.10
709.28	3.50
709.53	8.60
709.78	10.50
710.04	16.60
710.29	13.00
710.54	10.30
710.80	5.30
711.05	-0.50
711.30	2.70
711.56	5.00
711.81	5.80
712.06	6.30
712.32	-1.00
712.57	8.90
712.82	10.00
713.08	8.20
713.33	7.10
713.58	14.20
713.84	14.90
714.09	4.30
714.34	3.90
714.59	6.40
714.85	7.60
715.10	9.80
715.35	6.60
715.61	8.30
715.86	4.00
716.11	-1.40
716.37	5.90
716.62	10.50
716.87	5.50
717.13	8.00
717.38	7.00
717.63	6.40
717.89	8.00
718.14	8.70
718.39	-4.90
718.64	-4.80
718.90	10.20
719.15	9.80
719.40	7.70
719.66	6.90
719.91	9.60
720.16	0.60
720.41	0.30
720.67	-0.50
720.92	12.50
721.17	5.90
721.43	-2.70
721.68	-6.40
721.93	2.30
722.19	3.90
722.44	1.40
722.69	7.60
722.94	12.00
723.20	9.00
723.45	5.60
723.70	12.10
723.95	15.70
724.21	10.60
724.46	3.80
724.71	2.80
724.97	-6.40
725.22	-1.30
725.47	8.50
725.72	19.00
725.98	8.70
726.23	5.40
726.48	8.80
726.74	16.70
726.99	2.20
727.24	7.00
727.49	9.10
727.75	7.90
728.00	3.00
728.25	7.50
728.50	7.00
728.76	9.20
729.01	8.60
729.26	8.10
729.51	11.20
729.77	15.20
730.02	-1.00
730.27	2.40
730.52	-1.90
730.78	-0.50
731.03	3.10
731.28	11.30
731.53	9.40
731.79	3.30
732.04	5.60
732.29	9.30
732.54	10.10
732.80	7.90
733.05	9.10
733.30	12.50
733.55	13.00
733.81	16.10
734.06	9.60
734.31	9.50
734.56	1.70
734.82	-1.60
735.07	4.70
735.32	13.60
735.57	8.30
735.83	11.50
736.08	6.80
736.33	13.40
736.58	10.90
736.84	20.70
737.09	11.20
737.34	-1.10
737.59	2.10
737.84	6.40
738.10	8.10
738.35	10.00
738.60	9.00
738.85	7.50
739.11	7.70
739.36	-1.40
739.61	3.50
739.86	2.90
740.11	9.80
740.37	9.30
740.62	9.20
740.87	10.80
741.12	5.90
741.38	4.40
741.63	6.70
741.88	5.80
742.13	8.10
742.38	1.40
742.64	12.40
742.89	15.50
743.14	18.60
743.39	7.10
743.64	10.20
743.90	9.10
744.15	7.80
744.40	5.20
744.65	0.60
744.90	9.90
745.16	6.40
745.41	7.10
745.66	11.50
745.91	7.50
746.16	6.20
746.42	5.00
746.67	6.90
746.92	7.70
747.17	8.30
747.42	5.40
747.68	4.30
747.93	8.80
748.18	8.80
748.43	7.00
748.68	6.60
748.94	2.60
749.19	9.60
749.44	6.80
749.69	11.90
749.94	13.70
750.19	10.00
750.45	9.50
750.70	17.20
750.95	9.60
751.20	8.40
751.45	7.10
751.71	8.80
751.96	4.80
752.21	6.90
752.46	0.20
752.71	9.20
752.96	18.70
753.22	10.80
753.47	10.20
753.72	3.60
753.97	7.30
754.22	5.80
754.47	11.10
754.73	6.20
754.98	2.30
755.23	2.70
755.48	4.60
755.73	6.70
755.98	7.10
756.24	5.20
756.49	2.10
756.74	3.90
756.99	7.60
757.24	9.50
757.49	14.70
757.74	9.80
758.00	9.10
758.25	6.00
758.50	11.30
758.75	1.20
759.00	8.80
759.25	14.50
759.51	5.30
759.76	-1.00
760.01	10.20
760.26	12.10
760.51	3.20
760.76	9.60
761.01	11.10
761.27	2.30
761.52	0.00
761.77	6.80
762.02	10.80
762.27	8.50
762.52	1.80
762.77	3.60
763.02	12.20
763.28	13.60
763.53	10.20
763.78	1.70
764.03	0.80
764.28	1.80
764.53	1.90
764.78	5.60
765.03	6.90
765.29	9.90
765.54	8.10
765.79	10.20
766.04	10.60
766.29	9.70
766.54	12.40
766.79	6.20
767.04	12.50
767.30	9.40
767.55	10.00
767.80	8.30
768.05	5.20
768.30	12.80
768.55	4.30
768.80	11.50
769.05	15.70
769.30	10.20
769.56	4.10
769.81	6.20
770.06	9.60
770.31	12.30
770.56	2.50
770.81	1.00
771.06	5.90
771.31	5.30
771.56	7.00
771.82	-2.80
772.07	11.60
772.32	9.60
772.57	10.20
772.82	8.40
773.07	14.40
773.32	8.70
773.57	4.90
773.82	2.30
774.07	11.00
774.32	8.90
774.58	13.50
774.83	1.90
775.08	-4.90
775.33	9.30
775.58	7.80
775.83	9.50
776.08	9.00
776.33	5.70
776.58	5.90
776.83	-0.30
777.08	3.30
777.33	7.10
777.59	11.60
777.84	11.00
778.09	11.00
778.34	8.80
778.59	7.40
778.84	6.90
779.09	13.90
779.34	9.40
779.59	3.80
779.84	6.10
780.09	15.50
780.34	7.30
780.59	4.00
780.84	5.80
781.10	5.90
781.35	-0.10
781.60	4.60
781.85	6.30
782.10	9.30
782.35	8.00
782.60	1.20
782.85	6.40
783.10	12.80
783.35	7.60
783.60	7.40
783.85	4.80
784.10	13.90
784.35	13.50
784.60	6.90
784.85	8.60
785.10	8.00
785.35	3.10
785.61	2.80
785.86	15.10
786.11	16.30
786.36	10.10
786.61	5.50
786.86	2.20
787.11	1.50
787.36	9.90
787.61	9.40
787.86	1.60
788.11	1.60
788.36	5.00
788.61	4.50
788.86	7.10
789.11	8.60
789.36	6.30
789.61	8.00
789.86	9.20
790.11	10.30
790.36	10.90
790.61	10.60
790.86	13.10
791.11	15.20
791.36	5.70
791.61	9.20
791.86	19.10
792.11	12.60
792.36	5.60
792.61	7.10
792.86	1.10
793.11	8.70
793.36	9.90
793.61	10.00
793.87	10.00
794.12	11.30
794.37	1.70
794.62	2.10
794.87	4.10
795.12	1.90
795.37	10.50
795.62	6.30
795.87	6.00
796.12	8.40
796.37	1.90
796.62	7.60
796.87	9.00
797.12	9.60
797.37	15.40
797.62	16.20
797.87	9.60
798.12	5.20
798.37	6.70
798.62	5.10
798.87	4.80
799.12	5.50
799.37	8.40
799.62	13.50
799.87	14.50
800.12	2.70
800.37	-0.20
800.62	7.40
800.87	5.00
801.12	12.60
801.37	4.20
801.61	10.20
801.86	-1.00
802.11	3.20
802.36	11.90
802.61	6.50
802.86	9.90
803.11	10.60
803.36	15.10
803.61	4.40
803.86	1.60
804.11	4.80
804.36	11.80
804.61	5.70
804.86	4.50
805.11	6.20
805.36	9.20
805.61	3.10
805.86	4.30
806.11	-0.20
806.36	-4.00
806.61	4.40
806.86	2.70
807.11	11.50
807.36	3.00
807.61	2.20
807.86	1.10
808.11	14.50
808.36	12.80
808.61	4.20
808.86	9.60
809.11	11.70
809.36	6.70
809.60	-1.40
809.85	6.50
810.10	6.40
810.35	13.00
810.60	6.20
810.85	-3.40
811.10	1.90
811.35	4.30
811.60	5.40
811.85	11.60
812.10	5.90
812.35	8.30
812.60	7.00
812.85	2.70
813.10	7.80
813.35	7.20
813.60	6.80
813.85	15.90
814.09	5.80
814.34	4.30
814.59	0.20
814.84	4.60
815.09	9.30
815.34	9.90
815.59	5.00
815.84	9.40
816.09	12.40
816.34	0.60
816.59	2.90
816.84	8.00
817.09	22.90
817.34	6.90
817.58	6.20
817.83	7.30
818.08	15.80
818.33	12.90
818.58	4.50
818.83	2.60
819.08	7.50
819.33	2.80
819.58	8.30
819.83	8.50
820.08	5.70
820.33	3.80
820.57	0.80
820.82	2.20
821.07	2.80
821.32	5.30
821.57	2.40
821.82	10.50
822.07	18.70
822.32	4.40
822.57	5.90
822.82	6.60
823.07	5.30
823.31	1.60
823.56	9.80
823.81	6.30
824.06	6.10
824.31	10.80
824.56	1.60
824.81	8.10
825.06	4.60
825.31	4.00
825.55	9.40
825.80	2.80
826.05	12.60
826.30	4.70
826.55	3.70
826.80	5.60
827.05	7.00
827.30	6.70
827.55	10.90
827.79	0.80
828.04	2.00
828.29	9.30
828.54	10.30
828.79	10.90
829.04	12.60
829.29	13.40
829.54	5.80
829.78	-5.40
830.03	3.30
830.28	7.40
830.53	4.40
830.78	1.30
831.03	3.40
831.28	3.30
831.53	3.20
831.77	5.30
832.02	12.50
832.27	10.00
832.52	11.50
832.77	8.30
833.02	12.70
833.27	17.90
833.51	11.80
833.76	9.10
834.01	3.60
834.26	5.20
834.51	6.50
834.76	6.30
835.01	8.10
835.25	8.00
835.50	13.80
835.75	5.70
836.00	5.80
836.25	0.10
836.50	2.90
836.75	10.30
836.99	18.80
837.24	14.70
837.49	8.30
837.74	1.50
837.99	0.50
838.24	-2.60
838.48	0.40
838.73	3.20
838.98	9.10
839.23	9.90
839.48	-1.30
839.73	1.60
839.97	5.70
840.22	6.90
840.47	8.70
840.72	11.50
840.97	6.10
841.22	6.90
841.46	13.40
841.71	5.80
841.96	-1.50
842.21	10.90
842.46	13.70
842.71	1.60
842.95	-0.20
843.20	4.10
843.45	5.00
843.70	8.80
843.95	20.90
844.20	2.20
844.44	-2.30
844.69	3.40
844.94	2.80
845.19	10.10
845.44	2.70
845.68	9.90
845.93	11.30
846.18	6.50
846.43	8.00
846.68	13.20
846.92	13.80
847.17	13.20
847.42	10.20
847.67	0.90
847.92	7.60
848.16	10.40
848.41	3.80
848.66	11.50
848.91	11.50
849.16	7.70
849.40	10.40
849.65	4.20
849.90	9.70
850.15	6.70
850.40	3.30
850.64	0.20
850.89	7.80
851.14	1.80
851.39	-0.30
851.64	2.20
851.88	4.70
852.13	8.30
852.38	2.10
852.63	9.90
852.87	10.20
853.12	6.90
853.37	9.40
853.62	6.30
853.87	14.90
854.11	13.70
854.36	5.80
854.61	5.50
854.86	9.20
855.10	6.90
855.35	5.70
855.60	10.00
855.85	7.50
856.10	2.50
856.34	0.70
856.59	6.30
856.84	8.80
857.09	-1.80
857.33	6.30
857.58	1.00
857.83	3.60
858.08	6.70
858.32	5.60
858.57	-0.50
858.82	0.50
859.07	2.80
859.31	10.10
859.56	4.70
859.81	7.50
860.06	3.00
860.30	8.30
860.55	12.10
860.80	12.30
861.05	10.00
861.29	14.70
861.54	8.00
861.79	7.80
862.04	-2.90
862.28	1.30
862.53	1.80
862.78	5.50
863.03	9.30
863.27	9.60
863.52	6.80
863.77	16.40
864.02	10.40
864.26	9.20
864.51	10.40
864.76	5.90
865.01	6.90
865.25	16.60
865.50	8.90
865.75	14.60
866.00	7.00
866.24	12.20
866.49	11.40
866.74	10.30
866.98	0.60
867.23	3.90
867.48	6.90
867.73	10.80
867.97	9.30
868.22	0.80
868.47	2.70
868.71	9.50
868.96	6.20
869.21	6.20
869.46	5.30
869.70	5.80
869.95	4.30
870.20	1.10
870.44	3.30
870.69	1.80
870.94	9.00
871.19	5.90
871.43	7.00
871.68	11.70
871.93	5.50
872.17	1.60
872.42	1.60
872.67	-3.70
872.92	3.00
873.16	7.80
873.41	2.90
873.66	15.30
873.90	7.90
874.15	3.30
874.40	8.40
874.64	10.50
874.89	6.00
875.14	8.40
875.39	6.50
875.63	13.50
875.88	5.60
876.13	1.90
876.37	5.00
876.62	12.40
876.87	7.80
877.11	7.40
877.36	-5.90
877.61	-3.00
877.85	5.40
878.10	10.10
878.35	5.00
878.59	1.80
878.84	1.10
879.09	-0.30
879.33	0.80
879.58	0.00
879.83	5.30
880.07	6.10
880.32	0.60
880.57	2.90
880.81	0.50
881.06	9.40
881.31	16.30
881.55	9.60
881.80	5.30
882.05	7.20
882.29	6.20
882.54	13.00
882.79	4.90
883.03	-1.40
883.28	2.40
883.53	0.90
883.77	3.30
884.02	10.90
884.27	2.90
884.51	3.70
884.76	-1.30
885.01	3.40
885.25	11.20
885.50	5.10
885.75	12.20
885.99	17.00
886.24	0.40
886.49	3.70
886.73	7.00
886.98	0.90
887.23	6.00
887.47	12.20
887.72	5.20
887.96	3.10
888.21	-3.50
888.46	6.20
888.70	3.70
888.95	11.10
889.20	15.80
889.44	13.60
889.69	12.20
889.94	13.20
890.18	6.60
890.43	6.90
890.67	11.50
890.92	6.10
891.17	5.80
891.41	11.10
891.66	9.50
891.91	4.50
892.15	5.70
892.40	10.70
892.64	4.50
892.89	3.90
893.14	4.70
893.38	8.20
893.63	7.60
893.88	5.20
894.12	2.50
894.37	8.00
894.61	4.60
894.86	2.90
895.11	5.60
895.35	6.40
895.60	9.70
895.84	13.80
896.09	8.10
896.34	12.40
896.58	12.90
896.83	9.50
897.07	6.30
897.32	9.80
897.57	9.00
897.81	4.40
898.06	5.40
898.30	7.50
898.55	2.60
898.80	1.90
899.04	6.10
899.29	3.50
899.53	9.10
899.78	2.80
900.03	4.20
900.27	0.10
900.52	2.90
900.76	7.80
901.01	7.30
901.26	5.60
901.50	-1.40
901.75	5.70
901.99	5.00
902.24	6.60
902.48	-0.40
902.73	4.50
902.98	8.20
903.22	-3.10
903.47	7.50
903.71	9.50
903.96	3.80
904.21	3.50
904.45	10.90
904.70	8.00
904.94	6.30
905.19	6.30
905.43	2.00
905.68	1.90
905.93	15.90
906.17	9.80
906.42	13.00
906.66	13.30
906.91	22.60
907.15	14.10
907.40	3.90
907.64	5.70
907.89	9.20
908.14	10.60
908.38	0.60
908.63	8.80
908.87	12.70
909.12	7.70
909.36	8.90
909.61	13.00
909.85	10.70
910.10	14.00
910.35	3.40
910.59	5.70
910.84	4.20
911.08	10.20
911.33	3.90
911.57	4.70
911.82	0.00
912.06	1.00
912.31	-0.10
912.55	6.80
912.80	9.00
913.05	13.90
913.29	2.50
913.54	5.40
913.78	8.40
914.03	6.50
914.27	2.50
914.52	4.10
914.76	7.00
915.01	9.50
915.25	5.50
915.50	8.90
915.74	3.40
915.99	1.90
916.23	10.20
916.48	5.40
916.72	4.20
916.97	4.10
917.22	3.30
917.46	5.10
917.71	0.30
917.95	0.20
918.20	5.30
918.44	5.20
918.69	14.60
918.93	21.20
919.18	10.10
919.42	6.70
919.67	7.90
919.91	14.10
920.16	5.60
920.40	11.00
920.65	14.10
920.89	12.70
921.14	-0.80
921.38	-1.90
921.63	-5.90
921.87	7.00
922.12	0.70
922.36	6.40
922.61	7.80
922.85	7.40
923.10	6.20
923.34	9.10
923.59	5.60
923.83	6.10
924.08	2.10
924.32	6.10
924.57	-0.70
924.81	7.00
925.06	2.10
925.30	7.60
925.55	5.10
925.79	5.80
926.04	3.00
926.28	2.50
926.53	9.60
926.77	15.30
927.01	10.00
927.26	7.50
927.50	3.70
927.75	10.70
927.99	7.80
928.24	14.70
928.48	12.40
928.73	15.10
928.97	8.20
929.22	5.40
929.46	7.20
929.71	10.80
929.95	11.90
930.20	9.90
930.44	13.50
930.69	8.30
930.93	4.60
931.17	2.00
931.42	1.30
931.66	6.30
931.91	13.10
932.15	5.20
932.40	9.70
932.64	11.20
932.89	9.50
933.13	-0.10
933.38	2.20
933.62	3.30
933.86	1.70
934.11	-0.10
934.35	8.20
934.60	9.20
934.84	9.60
935.09	2.30
935.33	3.00
935.58	2.80
935.82	-1.50
936.06	-1.20
936.31	9.50
936.55	11.70
936.80	9.90
937.04	2.50
937.29	-2.40
937.53	5.30
937.78	6.00
938.02	1.40
938.26	2.50
938.51	1.70
938.75	5.30
939.00	4.10
939.24	5.30
939.49	12.00
939.73	4.60
939.97	7.10
940.22	2.00
940.46	-0.30
940.71	8.50
940.95	-2.10
941.20	-3.40
941.44	6.70
941.68	2.40
941.93	18.60
942.17	17.30
942.42	10.50
942.66	3.60
942.90	4.40
943.15	8.00
943.39	1.70
943.64	9.00
943.88	7.10
944.12	8.90
944.37	13.40
944.61	8.50
944.86	18.20
945.10	9.90
945.35	9.50
945.59	10.30
945.83	7.50
946.08	6.10
946.32	6.50
946.57	10.30
946.81	10.50
947.05	9.30
947.30	1.30
947.54	0.80
947.78	0.20
948.03	0.60
948.27	1.60
948.52	-1.40
948.76	3.30
949.00	0.60
949.25	9.10
949.49	8.70
949.74	11.20
949.98	9.10
950.22	13.80
950.47	2.40
950.71	-2.20
950.95	-2.20
951.20	1.90
951.44	5.90
951.69	8.50
951.93	4.70
952.17	7.40
952.42	8.70
952.66	10.70
952.90	8.10
953.15	17.50
953.39	4.20
953.64	2.70
953.88	10.90
954.12	14.10
954.37	0.50
954.61	3.10
954.85	3.40
955.10	3.90
955.34	-0.60
955.58	4.80
955.83	5.30
956.07	1.70
956.32	3.00
956.56	6.20
956.80	8.80
957.05	3.80
957.29	7.90
957.53	10.90
957.78	5.50
958.02	6.60
958.26	5.80
958.51	0.20
958.75	1.60
958.99	6.80
959.24	9.90
959.48	3.20
959.72	5.80
959.97	5.70
960.21	3.80
960.45	4.80
960.70	15.80
960.94	15.60
961.18	4.90
961.43	-5.30
961.67	0.00
961.91	5.40
962.16	3.30
962.40	13.50
962.64	8.00
962.89	3.10
963.13	4.50
963.37	5.50
963.62	14.90
963.86	15.90
964.10	6.00
964.35	3.50
964.59	4.20
964.83	12.30
965.08	2.10
965.32	-6.70
965.56	5.50
965.81	-2.10
966.05	4.70
966.29	7.40
966.54	1.70
966.78	4.20
967.02	3.40
967.27	0.60
967.51	3.00
967.75	3.20
967.99	-1.80
968.24	3.40
968.48	10.60
968.72	2.10
968.97	1.20
969.21	6.10
969.45	11.90
969.70	4.60
969.94	4.50
970.18	4.50
970.42	8.30
970.67	6.10
970.91	4.20
971.15	7.40
971.40	10.00
971.64	12.70
971.88	11.30
972.12	3.40
972.37	5.80
972.61	5.00
972.85	5.00
973.10	5.60
973.34	6.10
973.58	2.70
973.82	1.40
974.07	7.90
974.31	8.30
974.55	6.20
974.80	7.40
975.04	5.60
975.28	7.60
975.52	10.20
975.77	5.00
976.01	0.80
976.25	5.30
976.50	8.00
976.74	7.60
976.98	4.60
977.22	6.60
977.47	6.20
977.71	-1.20
977.95	-2.10
978.19	2.60
978.44	6.50
978.68	15.80
978.92	4.10
979.16	7.00
979.41	7.30
979.65	1.10
979.89	4.90
980.13	1.70
980.38	2.20
980.62	5.80
980.86	6.10
981.10	3.80
981.35	2.80
981.59	0.00
981.83	5.70
982.07	12.60
982.32	15.10
982.56	2.40
982.80	6.50
983.04	6.10
983.29	10.90
983.53	6.80
983.77	3.10
984.01	7.60
984.26	8.50
984.50	1.60
984.74	9.90
984.98	8.60
985.23	0.50
985.47	9.30
985.71	1.20
985.95	0.40
986.19	4.30
986.44	10.10
986.68	10.80
986.92	8.20
987.16	11.40
987.41	3.20
987.65	11.50
987.89	13.20
988.13	10.80
988.37	1.00
988.62	9.50
988.86	1.50
989.10	11.30
989.34	10.80
989.59	6.70
989.83	-4.50
990.07	3.60
990.31	1.80
990.55	2.60
990.80	15.10
991.04	14.00
991.28	2.30
991.52	2.00
991.76	3.30
992.01	12.80
992.25	4.50
992.49	7.10
992.73	8.90
992.97	6.00
993.22	-2.50
993.46	4.30
993.70	12.90
993.94	14.20
994.18	5.80
994.43	-0.50
994.67	1.30
994.91	16.50
995.15	12.20
995.39	5.50
995.64	3.80
995.88	10.80
996.12	11.10
996.36	13.70
996.60	9.60
996.84	0.60
997.09	15.60
997.33	1.80
997.57	8.00
997.81	5.60
998.05	14.40
998.30	10.60
998.54	8.10
998.78	2.80
999.02	-2.00
999.26	-0.10
999.50	8.60
999.75	11.50
999.99	3.30
1000.23	10.80
1000.47	-0.90
1000.71	3.30
1000.95	8.50
1001.20	10.50
1001.44	11.40
1001.68	3.20
1001.92	6.40
1002.16	3.50
1002.40	5.30
1002.65	11.50
1002.89	14.00
1003.13	9.00
1003.37	9.40
1003.61	14.60
1003.85	9.90
1004.09	9.10
1004.34	6.80
1004.58	4.30
1004.82	8.20
1005.06	4.00
1005.30	0.00
1005.54	9.60
1005.78	12.10
1006.03	4.10
1006.27	6.60
1006.51	2.00
1006.75	4.30
1006.99	0.30
1007.23	10.60
1007.47	14.30
1007.72	2.80
1007.96	6.10
1008.20	10.80
1008.44	7.80
1008.68	7.50
1008.92	9.40
1009.16	12.90
1009.40	14.00
1009.65	16.00
1009.89	9.90
1010.13	-2.70
1010.37	-2.40
1010.61	6.50
1010.85	6.40
1011.09	-5.40
1011.33	-1.20
1011.58	-0.50
1011.82	5.40
1012.06	8.60
1012.30	9.80
1012.54	13.20
1012.78	3.30
1013.02	4.20
1013.26	4.80
1013.50	3.60
1013.75	13.00
1013.99	10.50
1014.23	2.70
1014.47	4.30
1014.71	3.70
1014.95	-4.50
1015.19	6.40
1015.43	7.90
1015.67	5.10
1015.92	5.30
1016.16	5.70
1016.40	6.10
1016.64	6.10
1016.88	6.40
1017.12	15.00
1017.36	9.90
1017.60	9.30
1017.84	8.50
1018.08	9.00
1018.32	4.30
1018.57	-0.80
1018.81	8.00
1019.05	6.70
1019.29	18.60
1019.53	13.00
1019.77	8.80
1020.01	11.50
1020.25	3.20
1020.49	2.80
1020.73	10.10
1020.97	9.10
1021.21	4.30
1021.45	10.20
1021.70	11.60
1021.94	5.90
1022.18	5.20
1022.42	1.90
1022.66	9.30
1022.90	10.80
1023.14	12.70
1023.38	12.50
1023.62	15.80
1023.86	10.30
1024.10	4.50
1024.34	1.10
1024.58	5.10
1024.82	2.00
1025.06	1.70
1025.31	5.00
1025.55	0.80
1025.79	-1.70
1026.03	1.70
1026.27	3.50
1026.51	6.40
1026.75	9.90
1026.99	-0.70
1027.23	7.40
1027.47	1.40
1027.71	4.00
1027.95	4.80
1028.19	5.30
1028.43	-5.00
1028.67	-4.40
1028.91	6.50
1029.15	7.40
1029.39	8.20
1029.63	-5.70
1029.87	5.40
1030.11	12.90
1030.36	13.20
1030.60	5.10
1030.84	2.60
1031.08	10.50
1031.32	4.50
1031.56	9.10
1031.80	2.10
1032.04	7.00
1032.28	5.30
1032.52	9.90
1032.76	9.60
1033.00	1.80
1033.24	1.50
1033.48	9.40
1033.72	2.30
1033.96	6.20
1034.20	9.90
1034.44	8.90
1034.68	2.20
1034.92	5.60
1035.16	5.00
1035.40	10.60
1035.64	4.40
1035.88	3.00
1036.12	1.00
1036.36	5.50
1036.60	0.50
1036.84	9.30
1037.08	6.20
1037.32	1.80
1037.56	1.40
1037.80	5.80
1038.04	0.60
1038.28	7.30
1038.52	7.40
1038.76	6.50
1039.00	6.50
1039.24	2.20
1039.48	7.40
1039.72	3.00
1039.96	7.30
1040.20	16.70
1040.44	4.50
1040.68	0.80
1040.92	-5.60
1041.16	6.30
1041.40	0.70
1041.64	7.50
1041.88	6.90
1042.12	6.90
1042.36	8.00
1042.60	9.70
1042.84	9.60
1043.08	8.30
1043.32	4.10
1043.56	3.80
1043.80	10.90
1044.04	8.80
1044.28	11.30
1044.52	10.80
1044.76	6.20
1045.00	5.10
1045.24	6.30
1045.48	3.80
1045.72	6.90
1045.96	11.60
1046.19	4.50
1046.43	2.40
1046.67	2.30
1046.91	6.50
1047.15	11.90
1047.39	14.30
1047.63	8.00
1047.87	-1.90
1048.11	0.80
1048.35	-2.30
1048.59	2.70
1048.83	7.50
1049.07	8.10
1049.31	7.50
1049.55	-9.40
1049.79	-5.80
1050.03	5.60
1050.27	8.30
1050.51	10.30
1050.75	18.10
1050.99	2.80
1051.22	10.10
1051.46	4.60
1051.70	12.20
1051.94	8.80
1052.18	10.90
1052.42	4.30
1052.66	5.50
1052.90	4.20
1053.14	9.00
1053.38	11.20
1053.62	10.30
1053.86	4.80
1054.10	4.50
1054.34	1.40
1054.58	3.70
1054.81	3.20
1055.05	5.80
1055.29	13.00
1055.53	15.70
1055.77	5.60
1056.01	2.50
1056.25	6.10
1056.49	15.20
1056.73	1.50
1056.97	7.10
1057.21	6.40
1057.45	7.90
1057.69	14.40
1057.92	14.90
1058.16	5.30
1058.40	9.40
1058.64	15.00
1058.88	11.70
1059.12	11.60
1059.36	17.10
1059.60	8.90
1059.84	13.60
1060.08	1.90
1060.31	7.00
1060.55	6.80
1060.79	8.60
1061.03	4.10
1061.27	1.10
1061.51	7.10
1061.75	12.40
1061.99	8.70
1062.23	8.20
1062.47	8.90
1062.70	9.40
1062.94	9.80
1063.18	0.20
1063.42	4.40
1063.66	10.00
1063.90	4.40
1064.14	2.30
1064.38	2.00
1064.62	3.40
1064.85	5.20
1065.09	11.70
1065.33	15.10
1065.57	12.70
1065.81	18.40
1066.05	18.30
1066.29	11.00
1066.53	10.70
1066.76	9.10
1067.00	10.60
1067.24	7.40
1067.48	6.30
1067.72	7.40
1067.96	4.40
1068.20	10.80
1068.43	6.50
1068.67	3.80
1068.91	5.70
1069.15	10.20
1069.39	10.50
1069.63	8.90
1069.87	3.80
1070.11	9.40
1070.34	11.00
1070.58	3.10
1070.82	11.50
1071.06	8.20
1071.30	2.50
1071.54	6.00
1071.77	8.30
1072.01	3.30
1072.25	-2.80
1072.49	4.20
1072.73	9.50
1072.97	7.50
1073.21	6.30
1073.44	7.40
1073.68	17.80
1073.92	7.00
1074.16	3.10
1074.40	3.10
1074.64	4.50
1074.87	3.70
1075.11	5.90
1075.35	3.20
1075.59	1.00
1075.83	-2.40
1076.07	3.70
1076.30	13.40
1076.54	13.80
1076.78	12.30
1077.02	18.10
1077.26	18.70
1077.50	11.00
1077.73	9.40
1077.97	8.20
1078.21	6.20
1078.45	9.20
1078.69	10.40
1078.92	13.40
1079.16	7.50
1079.40	1.50
1079.64	3.70
1079.88	1.40
1080.12	3.80
1080.35	7.00
1080.59	7.10
1080.83	2.90
1081.07	-4.30
1081.31	1.90
1081.54	8.40
1081.78	5.90
1082.02	12.10
1082.26	11.50
1082.50	0.00
1082.73	0.10
1082.97	2.80
1083.21	3.40
1083.45	5.80
1083.69	12.00
1083.92	5.50
1084.16	13.20
1084.40	5.10
1084.64	3.80
1084.88	13.00
1085.11	4.40
1085.35	5.00
1085.59	6.50
1085.83	3.10
1086.06	17.40
1086.30	13.70
1086.54	10.90
1086.78	9.40
1087.02	11.90
1087.25	7.00
1087.49	6.70
1087.73	0.40
1087.97	-3.40
1088.20	0.50
1088.44	17.10
1088.68	15.20
1088.92	1.40
1089.16	2.10
1089.39	8.40
1089.63	3.60
1089.87	4.60
1090.11	5.90
1090.34	14.90
1090.58	6.70
1090.82	6.00
1091.06	3.00
1091.29	9.90
1091.53	4.20
1091.77	6.60
1092.01	6.60
1092.24	-1.70
1092.48	2.20
1092.72	4.50
1092.96	4.30
1093.20	2.30
1093.43	3.80
1093.67	4.70
1093.91	2.90
1094.15	6.10
1094.38	9.50
1094.62	9.50
1094.86	2.20
1095.09	11.20
1095.33	10.30
1095.57	9.20
1095.81	11.90
1096.04	5.10
1096.28	1.70
1096.52	1.60
1096.76	4.20
1096.99	-1.10
1097.23	-1.30
1097.47	-2.70
1097.71	2.70
1097.94	8.90
1098.18	9.70
1098.42	11.60
1098.65	19.50
1098.89	12.00
1099.13	7.50
1099.37	4.70
1099.60	0.90
1099.84	8.60
1100.08	8.80
1100.32	5.00
1100.55	5.50
1100.79	11.00
1101.03	12.10
1101.26	11.50
1101.50	10.70
1101.74	6.30
1101.98	12.30
1102.21	3.00
1102.45	8.30
1102.69	6.60
1102.92	12.80
1103.16	13.10
1103.40	7.30
1103.64	2.90
1103.87	0.20
1104.11	11.00
1104.35	5.10
1104.58	-1.30
1104.82	-7.00
1105.06	4.60
1105.29	8.30
1105.53	12.60
1105.77	5.70
1106.00	-0.40
1106.24	0.10
1106.48	7.90
1106.72	4.80
1106.95	7.60
1107.19	6.00
1107.43	4.20
1107.66	-7.50
1107.90	5.20
1108.14	5.30
1108.37	10.80
1108.61	5.10
1108.85	8.60
1109.08	9.70
1109.32	17.00
1109.56	11.10
1109.79	1.10
1110.03	4.70
1110.27	9.60
1110.50	-1.20
1110.74	-2.70
1110.98	0.80
1111.21	8.70
1111.45	14.60
1111.69	7.70
1111.92	9.50
1112.16	7.10
1112.40	6.40
1112.63	13.10
1112.87	14.40
1113.11	7.90
1113.34	3.00
1113.58	4.20
1113.82	10.20
1114.05	15.20
1114.29	8.30
1114.53	6.10
1114.76	-0.70
1115.00	13.90
1115.24	12.50
1115.47	8.90
1115.71	5.80
1115.95	7.20
1116.18	7.40
1116.42	10.20
1116.66	12.80
1116.89	8.20
1117.13	1.60
1117.36	7.10
1117.60	1.50
1117.84	6.80
1118.07	8.90
1118.31	13.70
1118.55	15.20
1118.78	16.50
1119.02	8.20
1119.26	5.00
1119.49	7.80
1119.73	10.40
1119.96	3.40
1120.20	7.30
1120.44	1.80
1120.67	4.60
1120.91	8.40
1121.15	10.80
1121.38	5.50
1121.62	11.70
