; WAVELENGTH MAT._REFRACTIVE_INDEX MAT._ABSORPTION
250.00000 0.95734 1.82547 
259.06040 0.96089 1.94549 
268.12081 0.97294 2.05712 
277.18121 0.99119 2.16366 
286.24161 1.01452 2.26691 
295.30201 1.04237 2.36788 
304.36242 1.07449 2.46714 
313.42282 1.11075 2.56496 
322.48322 1.15114 2.66143 
331.54362 1.19573 2.75646 
340.60403 1.24465 2.84982 
349.66443 1.29819 2.94089 
358.72483 1.35547 3.02807 
367.78523 1.41493 3.11195 
376.84564 1.47632 3.19305 
385.90604 1.53952 3.27161 
394.96644 1.60442 3.34779 
404.02685 1.67093 3.42169 
413.08725 1.73900 3.49335 
422.14765 1.80856 3.56284 
431.20805 1.87954 3.63016 
440.26846 1.95188 3.69532 
449.32886 2.02554 3.75834 
458.38926 2.10044 3.81920 
467.44966 2.17653 3.87790 
476.51007 2.25374 3.93442 
485.57047 2.33202 3.98874 
494.63087 2.41129 4.04085 
503.69128 2.49149 4.09074 
512.75168 2.57255 4.13838 
521.81208 2.65440 4.18377 
530.87248 2.73697 4.22687 
539.93289 2.82017 4.26769 
548.99329 2.90393 4.30620 
558.05369 2.98818 4.34241 
567.11409 3.07284 4.37630 
576.17450 3.15782 4.40788 
585.23490 3.24304 4.43714 
594.29530 3.32843 4.46408 
603.35570 3.41390 4.48872 
612.41611 3.49936 4.51107 
621.47651 3.58474 4.53113 
630.53691 3.66996 4.54894 
639.59732 3.75494 4.56451 
648.65772 3.83959 4.57786 
657.71812 3.92385 4.58904 
666.77852 4.00763 4.59807 
675.83893 4.09087 4.60499 
684.89933 4.17348 4.60984 
693.95973 4.25542 4.61267 
703.02013 4.33660 4.61352 
712.08054 4.41697 4.61244 
721.14094 4.49647 4.60949 
730.20134 4.57505 4.60471 
739.26174 4.65264 4.59817 
748.32215 4.72921 4.58992 
757.38255 4.80470 4.58003 
766.44295 4.87908 4.56855 
775.50336 4.95230 4.55555 
784.56376 5.02434 4.54108 
793.62416 5.09515 4.52522 
802.68456 5.16473 4.50803 
811.74497 5.23303 4.48957 
820.80537 5.30004 4.46990 
829.86577 5.36575 4.44908 
838.92617 5.43014 4.42719 
847.98658 5.49320 4.40428 
857.04698 5.55491 4.38041 
866.10738 5.61529 4.35564 
875.16779 5.67432 4.33003 
884.22819 5.73201 4.30364 
893.28859 5.78836 4.27653 
902.34899 5.84337 4.24874 
911.40940 5.89705 4.22034 
920.46980 5.94942 4.19137 
929.53020 6.00047 4.16188 
938.59060 6.05024 4.13191 
947.65101 6.09872 4.10153 
956.71141 6.14594 4.07076 
965.77181 6.19191 4.03965 
974.83221 6.23665 4.00824 
983.89262 6.28018 3.97658 
992.95302 6.32252 3.94469 
1002.01342 6.36369 3.91261 
1011.07383 6.40372 3.88038 
1020.13423 6.44262 3.84802 
1029.19463 6.48041 3.81557 
1038.25503 6.51712 3.78306 
1047.31544 6.55278 3.75051 
1056.37584 6.58740 3.71794 
1065.43624 6.62101 3.68538 
1074.49664 6.65363 3.65286 
1083.55705 6.68528 3.62039 
1092.61745 6.71600 3.58799 
1101.67785 6.74579 3.55568 
1110.73826 6.77469 3.52348 
1119.79866 6.80272 3.49140 
1128.85906 6.82989 3.45946 
1137.91946 6.85624 3.42767 
1146.97987 6.88178 3.39605 
1156.04027 6.90654 3.36460 
1165.10067 6.93053 3.33334 
1174.16107 6.95378 3.30227 
1183.22148 6.97631 3.27141 
1192.28188 6.99813 3.24077 
1201.34228 7.01928 3.21034 
1210.40268 7.03976 3.18014 
1219.46309 7.05959 3.15018 
1228.52349 7.07881 3.12045 
1237.58389 7.09741 3.09097 
1246.64430 7.11542 3.06173 
1255.70470 7.13286 3.03275 
1264.76510 7.14975 3.00402 
1273.82550 7.16609 2.97555 
1282.88591 7.18191 2.94734 
1291.94631 7.19723 2.91939 
1301.00671 7.21204 2.89170 
1310.06711 7.22638 2.86428 
1319.12752 7.24026 2.83713 
1328.18792 7.25368 2.81024 
1337.24832 7.26667 2.78362 
1346.30872 7.27923 2.75726 
1355.36913 7.29138 2.73117 
1364.42953 7.30314 2.70535 
1373.48993 7.31450 2.67979 
1382.55034 7.32549 2.65450 
1391.61074 7.33611 2.62947 
1400.67114 7.34638 2.60470 
1409.73154 7.35631 2.58019 
1418.79195 7.36590 2.55595 
1427.85235 7.37517 2.53196 
1436.91275 7.38413 2.50822 
1445.97315 7.39278 2.48475 
1455.03356 7.40114 2.46152 
1464.09396 7.40921 2.43855 
1473.15436 7.41700 2.41582 
1482.21477 7.42453 2.39334 
1491.27517 7.43179 2.37110 
1500.33557 7.43880 2.34911 
1509.39597 7.44556 2.32736 
1518.45638 7.45209 2.30584 
1527.51678 7.45838 2.28456 
1536.57718 7.46444 2.26351 
1545.63758 7.47029 2.24269 
1554.69799 7.47593 2.22210 
1563.75839 7.48136 2.20173 
1572.81879 7.48658 2.18159 
1581.87919 7.49162 2.16167 
1590.93960 7.49647 2.14196 
1600.00000 7.50113 2.12247 
