194.94	5.40
195.21	5.40
195.48	5.40
195.75	-1.10
196.02	-3.20
196.29	-5.00
196.56	0.90
196.83	15.10
197.10	8.60
197.37	1.50
197.64	11.20
197.91	7.90
198.18	7.70
198.45	3.80
198.72	4.00
198.99	5.90
199.26	-1.20
199.53	8.80
199.80	7.90
200.07	9.40
200.34	6.60
200.61	3.30
200.87	-1.60
201.14	5.20
201.41	10.10
201.68	0.60
201.95	3.50
202.22	3.70
202.49	10.90
202.76	15.40
203.03	4.20
203.30	0.40
203.57	1.80
203.84	3.40
204.11	8.70
204.38	6.00
204.65	2.90
204.92	9.20
205.19	4.60
205.46	8.00
205.73	5.60
206.00	5.30
206.27	6.90
206.54	1.20
206.80	4.90
207.07	-0.80
207.34	-3.40
207.61	-4.40
207.88	-2.30
208.15	10.10
208.42	8.70
208.69	7.30
208.96	11.00
209.23	10.70
209.50	1.60
209.77	-1.20
210.04	1.00
210.31	3.80
210.58	0.50
210.85	3.80
211.11	1.00
211.38	6.70
211.65	8.80
211.92	10.00
212.19	12.10
212.46	-1.10
212.73	0.70
213.00	6.80
213.27	8.60
213.54	7.90
213.81	11.20
214.08	13.20
214.35	4.20
214.62	7.20
214.88	0.10
215.15	2.50
215.42	1.80
215.69	-9.50
215.96	-2.70
216.23	4.90
216.50	7.60
216.77	6.60
217.04	-0.60
217.31	-6.30
217.58	-1.20
217.85	-2.60
218.12	3.60
218.38	1.90
218.65	8.60
218.92	8.10
219.19	2.00
219.46	1.60
219.73	-1.30
220.00	-2.70
220.27	2.40
220.54	6.20
220.81	9.60
221.08	0.80
221.34	1.00
221.61	3.20
221.88	-3.00
222.15	1.30
222.42	8.50
222.69	3.70
222.96	12.20
223.23	17.30
223.50	5.00
223.77	4.20
224.03	1.90
224.30	4.40
224.57	3.30
224.84	4.10
225.11	2.20
225.38	1.50
225.65	2.60
225.92	8.30
226.19	4.40
226.46	5.70
226.72	5.60
226.99	0.60
227.26	6.20
227.53	9.80
227.80	-0.40
228.07	-0.20
228.34	5.70
228.61	8.90
228.88	10.80
229.14	-0.80
229.41	0.00
229.68	8.80
229.95	2.30
230.22	1.40
230.49	7.70
230.76	10.10
231.03	3.80
231.29	3.80
231.56	0.70
231.83	6.10
232.10	7.00
232.37	-3.80
232.64	-1.00
232.91	-2.20
233.18	0.00
233.44	4.50
233.71	6.90
233.98	14.70
234.25	5.70
234.52	6.40
234.79	8.80
235.06	10.50
235.33	0.60
235.59	1.30
235.86	-2.40
236.13	1.70
236.40	2.00
236.67	3.40
236.94	5.70
237.21	1.60
237.47	1.70
237.74	3.50
238.01	-0.70
238.28	-0.30
238.55	-1.60
238.82	9.90
239.09	-1.60
239.35	7.00
239.62	7.80
239.89	3.50
240.16	5.50
240.43	10.10
240.70	6.90
240.97	6.60
241.23	2.10
241.50	3.90
241.77	-2.20
242.04	-1.20
242.31	7.40
242.58	-0.20
242.84	2.10
243.11	-0.20
243.38	4.30
243.65	8.60
243.92	5.70
244.19	4.70
244.46	0.10
244.72	3.10
244.99	8.30
245.26	6.00
245.53	5.30
245.80	10.70
246.07	2.00
246.33	-2.10
246.60	3.50
246.87	5.20
247.14	4.70
247.41	6.60
247.68	8.10
247.94	13.50
248.21	0.10
248.48	4.20
248.75	3.20
249.02	4.50
249.29	3.80
249.55	5.80
249.82	2.10
250.09	1.00
250.36	0.50
250.63	1.70
250.89	-0.30
251.16	-4.00
251.43	-6.10
251.70	-2.60
251.97	-0.20
252.24	3.00
252.50	8.00
252.77	-1.40
253.04	-0.60
253.31	-2.00
253.58	-5.00
253.84	-2.90
254.11	0.70
254.38	-6.50
254.65	2.90
254.92	-2.50
255.19	-1.40
255.45	-3.80
255.72	2.50
255.99	5.50
256.26	2.80
256.53	4.90
256.79	-0.40
257.06	-6.30
257.33	-2.30
257.60	-1.30
257.87	-0.10
258.13	7.40
258.40	8.50
258.67	6.80
258.94	-1.40
259.21	8.20
259.47	7.10
259.74	3.20
260.01	-1.00
260.28	5.40
260.55	3.20
260.81	0.40
261.08	1.00
261.35	-1.40
261.62	-0.50
261.89	-5.10
262.15	0.70
262.42	-0.50
262.69	6.80
262.96	-2.10
263.23	-3.80
263.49	5.20
263.76	8.60
264.03	4.10
264.30	0.00
264.56	-1.70
264.83	1.70
265.10	3.30
265.37	6.00
265.64	0.70
265.90	-1.40
266.17	-4.40
266.44	1.70
266.71	9.00
266.97	6.40
267.24	1.90
267.51	3.10
267.78	0.10
268.05	3.60
268.31	0.20
268.58	7.60
268.85	4.00
269.12	-1.80
269.38	3.40
269.65	-3.40
269.92	-4.60
270.19	-8.90
270.45	3.60
270.72	-1.80
270.99	8.40
271.26	2.50
271.53	2.70
271.79	3.00
272.06	5.90
272.33	-0.40
272.60	-6.00
272.86	-4.10
273.13	11.60
273.40	7.00
273.67	0.50
273.93	-3.30
274.20	-1.80
274.47	-1.50
274.74	6.50
275.00	2.70
275.27	2.80
275.54	-1.80
275.81	8.20
276.07	8.40
276.34	-0.70
276.61	8.70
276.88	1.70
277.14	-0.80
277.41	9.80
277.68	-1.20
277.95	4.70
278.21	3.40
278.48	7.40
278.75	4.10
279.02	5.20
279.28	6.50
279.55	0.70
279.82	5.30
280.09	6.60
280.35	-0.60
280.62	1.80
280.89	-1.80
281.16	-0.50
281.42	8.10
281.69	5.70
281.96	13.00
282.22	12.60
282.49	0.20
282.76	9.50
283.03	7.40
283.29	3.00
283.56	-0.60
283.83	-3.40
284.10	-2.60
284.36	6.40
284.63	3.20
284.90	-0.60
285.16	-2.10
285.43	6.20
285.70	5.50
285.97	-1.80
286.23	1.90
286.50	0.50
286.77	4.90
287.04	3.60
287.30	4.00
287.57	2.80
287.84	9.50
288.10	3.60
288.37	10.70
288.64	12.80
288.91	9.00
289.17	3.70
289.44	14.20
289.71	17.20
289.97	9.90
290.24	7.40
290.51	3.80
290.78	9.60
291.04	13.70
291.31	3.20
291.58	12.40
291.84	7.50
292.11	7.00
292.38	6.90
292.64	3.30
292.91	1.80
293.18	4.50
293.45	4.50
293.71	10.00
293.98	2.60
294.25	-6.00
294.51	0.70
294.78	1.60
295.05	0.00
295.31	2.00
295.58	6.70
295.85	0.90
296.12	1.40
296.38	-0.90
296.65	5.30
296.92	7.30
297.18	1.70
297.45	2.60
297.72	9.80
297.98	6.50
298.25	5.90
298.52	6.90
298.78	6.20
299.05	6.50
299.32	9.30
299.58	0.40
299.85	2.90
300.12	3.50
300.39	5.00
300.65	0.50
300.92	3.00
301.19	4.10
301.45	16.50
301.72	3.40
301.99	9.30
302.25	2.90
302.52	4.60
302.79	-4.70
303.05	-4.50
303.32	5.50
303.59	3.50
303.85	-3.70
304.12	1.80
304.39	1.60
304.65	9.00
304.92	5.10
305.19	7.30
305.45	7.90
305.72	2.60
305.99	1.20
306.25	-5.60
306.52	-1.10
306.79	3.40
307.05	9.20
307.32	11.20
307.59	5.60
307.85	3.80
308.12	-1.00
308.39	2.70
308.65	2.30
308.92	8.80
309.19	8.80
309.45	7.10
309.72	3.90
309.98	5.10
310.25	7.00
310.52	-1.50
310.78	3.10
311.05	-0.30
311.32	1.60
311.58	-2.70
311.85	1.30
312.12	4.50
312.38	3.70
312.65	0.30
312.92	3.80
313.18	15.00
313.45	2.90
313.72	2.70
313.98	5.30
314.25	4.10
314.51	10.10
314.78	11.40
315.05	9.00
315.31	6.40
315.58	8.20
315.85	9.20
316.11	9.40
316.38	6.20
316.65	-0.60
316.91	0.90
317.18	-1.20
317.44	-5.90
317.71	-6.30
317.98	6.80
318.24	4.80
318.51	-2.40
318.78	7.80
319.04	11.50
319.31	6.20
319.57	2.10
319.84	0.00
320.11	9.00
320.37	4.00
320.64	4.10
320.91	7.80
321.17	7.30
321.44	4.20
321.70	4.10
321.97	9.70
322.24	3.50
322.50	-5.40
322.77	-2.40
323.03	5.40
323.30	2.20
323.57	0.40
323.83	5.20
324.10	7.90
324.37	3.10
324.63	1.00
324.90	-1.10
325.16	4.50
325.43	6.60
325.70	15.40
325.96	8.10
326.23	9.80
326.49	10.30
326.76	-2.50
327.03	5.70
327.29	1.90
327.56	-0.70
327.82	-3.00
328.09	-0.10
328.36	6.60
328.62	5.60
328.89	-3.20
329.15	-2.00
329.42	10.80
329.69	6.40
329.95	4.80
330.22	-0.40
330.48	0.40
330.75	4.60
331.02	7.40
331.28	9.10
331.55	4.50
331.81	2.30
332.08	-0.40
332.34	8.90
332.61	8.40
332.88	4.90
333.14	-0.60
333.41	4.00
333.67	9.00
333.94	3.80
334.21	3.20
334.47	6.60
334.74	3.70
335.00	3.50
335.27	8.70
335.53	7.00
335.80	7.00
336.07	-0.30
336.33	-2.30
336.60	-3.30
336.86	-0.90
337.13	-0.60
337.39	0.10
337.66	-1.50
337.93	0.20
338.19	8.40
338.46	3.10
338.72	8.30
338.99	0.80
339.25	0.20
339.52	-1.70
339.79	6.90
340.05	9.60
340.32	7.00
340.58	7.70
340.85	12.50
341.11	4.50
341.38	1.40
341.65	-0.90
341.91	7.50
342.18	6.40
342.44	13.20
342.71	0.90
342.97	-4.90
343.24	-1.40
343.50	4.80
343.77	-3.70
344.03	-1.90
344.30	-4.90
344.57	-2.00
344.83	1.00
345.10	1.60
345.36	4.50
345.63	0.20
345.89	-1.20
346.16	-5.80
346.42	-2.70
346.69	9.60
346.96	4.70
347.22	5.00
347.49	0.70
347.75	2.40
348.02	8.60
348.28	1.40
348.55	7.10
348.81	2.50
349.08	-4.50
349.34	1.40
349.61	2.50
349.87	3.60
350.14	-1.50
350.40	7.10
350.67	-0.70
350.94	-2.20
351.20	-1.40
351.47	3.40
351.73	1.80
352.00	8.70
352.26	4.90
352.53	10.40
352.79	4.90
353.06	6.00
353.32	-0.70
353.59	2.30
353.85	1.90
354.12	8.50
354.38	-0.80
354.65	8.60
354.91	6.00
355.18	12.60
355.44	5.20
355.71	-0.30
355.97	4.00
356.24	13.20
356.51	13.30
356.77	13.70
357.04	-1.50
357.30	-2.40
357.57	-5.00
357.83	5.20
358.10	8.70
358.36	5.10
358.63	1.90
358.89	-5.00
359.16	7.90
359.42	2.80
359.69	7.90
359.95	8.30
360.22	6.60
360.48	6.90
360.75	5.30
361.01	2.90
361.28	6.10
361.54	2.80
361.81	-2.90
362.07	-1.50
362.34	10.50
362.60	12.70
362.87	5.10
363.13	11.20
363.40	10.40
363.66	2.90
363.93	0.80
364.19	1.10
364.46	1.40
364.72	-0.20
364.99	0.20
365.25	-4.10
365.52	1.50
365.78	12.30
366.04	3.00
366.31	17.90
366.57	12.70
366.84	5.60
367.10	5.90
367.37	10.80
367.63	18.00
367.90	-0.90
368.16	5.80
368.43	0.10
368.69	-3.60
368.96	-7.10
369.22	6.60
369.49	2.90
369.75	-0.60
370.02	6.10
370.28	9.70
370.55	8.40
370.81	8.20
371.08	16.30
371.34	8.60
371.60	6.20
371.87	8.60
372.13	5.10
372.40	4.10
372.66	14.50
372.93	6.70
373.19	5.00
373.46	-2.60
373.72	-6.70
373.99	-1.40
374.25	1.80
374.52	3.60
374.78	0.60
375.04	11.30
375.31	4.00
375.57	2.60
375.84	9.10
376.10	1.80
376.37	0.50
376.63	0.10
376.90	5.50
377.16	9.40
377.43	4.00
377.69	-0.20
377.95	0.40
378.22	-5.00
378.48	7.40
378.75	8.30
379.01	14.30
379.28	7.90
379.54	2.90
379.81	8.10
380.07	5.40
380.33	3.10
380.60	0.90
380.86	7.50
381.13	9.10
381.39	4.50
381.66	8.40
381.92	13.10
382.19	10.70
382.45	5.40
382.71	13.50
382.98	8.60
383.24	7.80
383.51	7.30
383.77	7.30
384.04	4.90
384.30	6.10
384.56	4.70
384.83	8.60
385.09	4.80
385.36	8.90
385.62	5.80
385.89	10.00
386.15	7.90
386.41	6.90
386.68	-1.00
386.94	1.90
387.21	1.30
387.47	12.30
387.74	4.10
388.00	3.90
388.26	10.20
388.53	9.20
388.79	6.00
389.06	8.70
389.32	12.20
389.58	2.60
389.85	6.10
390.11	10.20
390.38	6.20
390.64	8.60
390.90	16.10
391.17	5.40
391.43	1.50
391.70	2.70
391.96	6.80
392.23	1.50
392.49	8.00
392.75	4.50
393.02	10.10
393.28	3.60
393.55	8.20
393.81	3.40
394.07	4.30
394.34	9.90
394.60	11.80
394.87	11.30
395.13	6.70
395.39	11.30
395.66	8.40
395.92	-0.70
396.18	8.20
396.45	8.10
396.71	16.00
396.98	18.30
397.24	3.70
397.50	3.70
397.77	2.20
398.03	8.10
398.30	4.00
398.56	5.10
398.82	10.80
399.09	16.90
399.35	6.90
399.62	3.00
399.88	8.10
400.14	9.50
400.41	4.90
400.67	4.40
400.93	9.20
401.20	2.50
401.46	1.70
401.73	6.90
401.99	11.30
402.25	7.90
402.52	2.40
402.78	13.70
403.04	7.20
403.31	4.80
403.57	-4.20
403.84	6.10
404.10	17.60
404.36	47.80
404.63	10.90
404.89	6.40
405.15	3.70
405.42	5.60
405.68	6.00
405.94	15.50
406.21	10.20
406.47	9.40
406.74	9.70
407.00	4.70
407.26	7.90
407.53	2.10
407.79	8.00
408.05	13.60
408.32	5.10
408.58	9.10
408.84	12.30
409.11	8.10
409.37	5.50
409.63	5.70
409.90	-2.80
410.16	7.30
410.42	12.20
410.69	11.00
410.95	5.90
411.22	5.60
411.48	16.50
411.74	8.00
412.01	11.10
412.27	18.00
412.53	11.10
412.80	14.10
413.06	7.60
413.32	9.80
413.59	10.40
413.85	13.20
414.11	4.20
414.38	14.50
414.64	11.70
414.90	16.20
415.17	14.00
415.43	11.30
415.69	12.70
415.96	17.30
416.22	21.40
416.48	14.50
416.75	10.00
417.01	-1.20
417.27	1.40
417.54	19.00
417.80	10.30
418.06	20.00
418.33	21.20
418.59	20.00
418.85	17.30
419.12	15.10
419.38	11.00
419.64	12.70
419.91	14.00
420.17	15.60
420.43	18.30
420.69	14.90
420.96	10.00
421.22	18.60
421.48	13.60
421.75	13.20
422.01	6.80
422.27	9.90
422.54	21.70
422.80	20.20
423.06	18.80
423.33	20.70
423.59	15.00
423.85	19.80
424.11	13.60
424.38	14.60
424.64	22.50
424.90	9.10
425.17	16.80
425.43	18.70
425.69	21.40
425.96	22.60
426.22	19.00
426.48	15.20
426.75	27.40
427.01	22.80
427.27	18.90
427.53	18.10
427.80	19.90
428.06	17.70
428.32	24.20
428.59	28.80
428.85	22.20
429.11	20.70
429.37	21.10
429.64	23.90
429.90	24.60
430.16	27.50
430.43	18.60
430.69	16.40
430.95	24.20
431.21	20.10
431.48	24.80
431.74	15.30
432.00	13.70
432.27	15.40
432.53	19.30
432.79	23.70
433.05	30.10
433.32	21.50
433.58	29.00
433.84	39.30
434.11	21.10
434.37	15.90
434.63	15.80
434.89	24.10
435.16	22.60
435.42	23.40
435.68	24.60
435.94	19.70
436.21	19.60
436.47	27.20
436.73	28.80
436.99	19.90
437.26	20.20
437.52	25.50
437.78	23.40
438.05	19.80
438.31	23.10
438.57	20.00
438.83	24.90
439.10	37.30
439.36	27.80
439.62	28.10
439.88	27.20
440.15	23.90
440.41	22.30
440.67	26.50
440.93	24.60
441.20	35.40
441.46	26.70
441.72	21.30
441.98	28.80
442.25	24.90
442.51	22.40
442.77	17.40
443.03	23.10
443.30	33.60
443.56	22.90
443.82	29.60
444.08	29.30
444.35	36.10
444.61	35.70
444.87	32.10
445.13	36.60
445.40	44.20
445.66	35.80
445.92	31.10
446.18	29.90
446.44	35.00
446.71	42.00
446.97	37.40
447.23	34.60
447.49	43.70
447.76	46.10
448.02	35.90
448.28	36.80
448.54	29.40
448.81	31.10
449.07	42.70
449.33	42.40
449.59	41.90
449.85	43.80
450.12	34.90
450.38	39.80
450.64	41.90
450.90	43.40
451.17	40.30
451.43	37.90
451.69	30.40
451.95	42.00
452.21	45.20
452.48	43.80
452.74	52.60
453.00	52.40
453.26	49.30
453.53	46.40
453.79	40.20
454.05	45.40
454.31	51.30
454.57	51.30
454.84	54.30
455.10	51.20
455.36	37.00
455.62	51.60
455.88	45.00
456.15	46.80
456.41	40.80
456.67	39.80
456.93	41.00
457.19	41.90
457.46	52.20
457.72	42.80
457.98	40.40
458.24	53.30
458.50	56.70
458.77	49.20
459.03	51.20
459.29	47.00
459.55	47.60
459.81	43.90
460.08	54.40
460.34	56.20
460.60	53.60
460.86	58.40
461.12	51.70
461.39	51.60
461.65	43.40
461.91	46.00
462.17	51.30
462.43	42.80
462.69	49.40
462.96	53.10
463.22	52.50
463.48	50.20
463.74	59.00
464.00	57.00
464.27	48.20
464.53	60.60
464.79	60.30
465.05	66.00
465.31	71.90
465.57	59.70
465.84	51.90
466.10	57.80
466.36	69.00
466.62	66.30
466.88	71.50
467.14	62.80
467.41	67.00
467.67	64.80
467.93	64.20
468.19	64.00
468.45	64.60
468.71	67.80
468.98	73.10
469.24	77.50
469.50	83.80
469.76	76.60
470.02	76.90
470.28	71.10
470.55	69.30
470.81	74.40
471.07	76.00
471.33	82.60
471.59	74.50
471.85	70.50
472.11	79.50
472.38	82.30
472.64	83.80
472.90	89.40
473.16	82.70
473.42	77.60
473.68	82.20
473.95	82.10
474.21	85.80
474.47	95.70
474.73	100.10
474.99	88.10
475.25	90.50
475.51	93.30
475.78	94.00
476.04	91.10
476.30	99.40
476.56	101.00
476.82	102.60
477.08	99.20
477.34	102.00
477.61	103.10
477.87	108.20
478.13	104.00
478.39	104.80
478.65	105.60
478.91	102.80
479.17	103.50
479.43	101.90
479.70	108.70
479.96	114.00
480.22	100.70
480.48	103.90
480.74	102.70
481.00	104.10
481.26	101.00
481.52	107.10
481.79	108.40
482.05	113.70
482.31	110.90
482.57	109.70
482.83	112.50
483.09	112.80
483.35	109.70
483.61	117.80
483.88	115.50
484.14	113.20
484.40	114.10
484.66	106.40
484.92	103.50
485.18	113.00
485.44	119.60
485.70	120.90
485.96	118.00
486.23	119.60
486.49	116.70
486.75	118.90
487.01	124.00
487.27	126.20
487.53	120.60
487.79	117.70
488.05	120.20
488.31	127.00
488.57	117.70
488.84	119.50
489.10	118.90
489.36	123.20
489.62	127.60
489.88	133.30
490.14	136.20
490.40	129.10
490.66	132.90
490.92	133.70
491.18	123.40
491.44	127.90
491.71	140.80
491.97	136.20
492.23	138.10
492.49	141.80
492.75	145.90
493.01	140.70
493.27	139.80
493.53	147.20
493.79	151.00
494.05	149.40
494.31	148.10
494.58	145.30
494.84	157.40
495.10	166.10
495.36	161.50
495.62	162.70
495.88	160.70
496.14	167.20
496.40	164.90
496.66	182.30
496.92	171.80
497.18	168.40
497.44	167.40
497.70	169.30
497.96	174.00
498.23	181.90
498.49	180.80
498.75	176.00
499.01	191.40
499.27	184.40
499.53	192.00
499.79	199.30
500.05	197.40
500.31	202.60
500.57	199.80
500.83	202.20
501.09	201.90
501.35	201.10
501.61	216.60
501.87	211.30
502.13	209.90
502.40	207.60
502.66	216.00
502.92	217.60
503.18	222.40
503.44	210.80
503.70	216.30
503.96	220.90
504.22	223.40
504.48	218.70
504.74	221.10
505.00	227.50
505.26	228.40
505.52	235.90
505.78	225.30
506.04	234.60
506.30	223.30
506.56	221.90
506.82	227.90
507.08	228.60
507.34	234.20
507.60	234.50
507.86	231.00
508.13	238.70
508.39	235.30
508.65	232.80
508.91	231.70
509.17	233.90
509.43	243.60
509.69	231.20
509.95	239.10
510.21	243.00
510.47	241.20
510.73	243.50
510.99	243.60
511.25	238.30
511.51	241.20
511.77	236.90
512.03	236.90
512.29	245.40
512.55	247.90
512.81	248.40
513.07	242.50
513.33	240.20
513.59	245.30
513.85	238.80
514.11	236.60
514.37	240.10
514.63	243.10
514.89	248.10
515.15	249.00
515.41	251.50
515.67	250.70
515.93	252.80
516.19	250.10
516.45	248.40
516.71	245.30
516.97	247.50
517.23	248.80
517.49	261.00
517.75	263.50
518.01	255.20
518.27	256.50
518.53	244.20
518.79	258.00
519.05	265.00
519.31	260.10
519.57	265.60
519.83	268.40
520.09	269.20
520.35	262.00
520.61	271.40
520.87	270.10
521.13	266.80
521.39	273.40
521.65	281.10
521.91	284.00
522.17	288.70
522.43	288.70
522.69	275.50
522.95	283.40
523.21	290.80
523.47	290.80
523.73	295.10
523.99	298.10
524.25	305.20
524.51	310.80
524.77	317.00
525.03	308.30
525.29	316.00
525.55	318.90
525.81	312.40
526.07	322.70
526.33	328.90
526.59	337.60
526.85	338.30
527.11	331.20
527.37	333.20
527.63	348.60
527.89	347.70
528.15	351.00
528.41	353.30
528.67	355.90
528.93	364.60
529.19	368.60
529.45	367.60
529.71	369.10
529.96	371.30
530.22	370.70
530.48	380.80
530.74	384.80
531.00	377.50
531.26	384.30
531.52	392.30
531.78	409.70
532.04	411.00
532.30	398.30
532.56	405.20
532.82	402.10
533.08	408.70
533.34	415.60
533.60	416.70
533.86	417.60
534.12	420.80
534.38	422.70
534.64	430.20
534.90	433.00
535.16	431.40
535.42	445.70
535.67	449.20
535.93	445.80
536.19	442.70
536.45	445.80
536.71	451.70
536.97	456.70
537.23	463.00
537.49	449.60
537.75	452.90
538.01	459.40
538.27	467.70
538.53	458.30
538.79	467.60
539.05	465.10
539.31	474.10
539.57	471.50
539.82	470.80
540.08	471.70
540.34	472.40
540.60	481.10
540.86	472.50
541.12	472.90
541.38	480.40
541.64	489.40
541.90	476.20
542.16	478.80
542.42	475.70
542.68	475.80
542.94	481.90
543.19	479.90
543.45	491.20
543.71	484.60
543.97	474.80
544.23	476.90
544.49	483.30
544.75	471.70
545.01	474.60
545.27	482.10
545.53	486.30
545.79	481.00
546.05	483.00
546.30	476.40
546.56	479.60
546.82	488.20
547.08	478.80
547.34	474.20
547.60	479.10
547.86	486.10
548.12	492.60
548.38	493.00
548.64	485.80
548.89	483.50
549.15	487.00
549.41	495.50
549.67	498.40
549.93	498.20
550.19	493.80
550.45	495.70
550.71	494.10
550.97	506.70
551.23	514.30
551.48	493.30
551.74	502.90
552.00	508.90
552.26	508.70
552.52	510.00
552.78	515.30
553.04	518.30
553.30	524.60
553.56	516.00
553.81	523.70
554.07	520.40
554.33	525.20
554.59	534.10
554.85	526.60
555.11	541.80
555.37	543.80
555.63	529.50
555.88	534.50
556.14	547.40
556.40	547.20
556.66	552.80
556.92	561.00
557.18	563.50
557.44	560.60
557.70	565.30
557.95	568.00
558.21	570.30
558.47	568.80
558.73	564.30
558.99	567.80
559.25	585.40
559.51	592.30
559.76	599.70
560.02	602.20
560.28	601.80
560.54	603.10
560.80	620.10
561.06	621.30
561.32	627.90
561.58	625.10
561.83	635.90
562.09	642.60
562.35	636.90
562.61	650.00
562.87	654.70
563.13	658.80
563.38	661.20
563.64	670.90
563.90	677.30
564.16	689.70
564.42	685.50
564.68	687.40
564.94	698.70
565.19	693.30
565.45	714.70
565.71	714.30
565.97	718.40
566.23	727.00
566.49	728.80
566.74	736.50
567.00	740.70
567.26	748.20
567.52	744.70
567.78	759.90
568.04	774.00
568.29	774.10
568.55	771.50
568.81	766.90
569.07	772.00
569.33	796.40
569.59	795.40
569.84	799.10
570.10	815.90
570.36	792.70
570.62	812.90
570.88	809.80
571.14	811.70
571.39	828.00
571.65	843.60
571.91	838.70
572.17	840.50
572.43	842.60
572.69	848.20
572.94	845.50
573.20	849.20
573.46	857.90
573.72	860.00
573.98	866.00
574.23	882.70
574.49	873.00
574.75	864.30
575.01	878.40
575.27	888.60
575.53	880.90
575.78	882.80
576.04	883.60
576.30	888.50
576.56	894.30
576.82	898.00
577.07	888.60
577.33	883.70
577.59	891.60
577.85	899.60
578.11	888.70
578.36	895.90
578.62	888.40
578.88	901.20
579.14	899.90
579.40	911.70
579.65	908.60
579.91	902.80
580.17	911.80
580.43	894.50
580.69	895.20
580.94	891.70
581.20	894.40
581.46	896.00
581.72	889.80
581.97	897.20
582.23	892.40
582.49	901.50
582.75	900.90
583.01	887.30
583.26	898.50
583.52	901.30
583.78	910.60
584.04	915.70
584.30	908.80
584.55	902.00
584.81	899.00
585.07	901.50
585.33	902.80
585.58	899.80
585.84	902.60
586.10	904.70
586.36	899.40
586.61	894.20
586.87	895.00
587.13	899.90
587.39	896.70
587.65	902.60
587.90	909.40
588.16	906.90
588.42	907.60
588.68	913.40
588.93	911.80
589.19	907.70
589.45	924.40
589.71	919.00
589.96	919.30
590.22	916.20
590.48	920.90
590.74	924.30
590.99	926.40
591.25	929.10
591.51	931.40
591.77	931.70
592.02	923.20
592.28	930.60
592.54	941.80
592.80	939.60
593.05	953.10
593.31	952.20
593.57	964.90
593.83	970.40
594.08	963.30
594.34	972.80
594.60	959.70
594.86	974.90
595.11	972.80
595.37	974.10
595.63	982.50
595.89	990.80
596.14	995.80
596.40	990.50
596.66	994.10
596.92	1011.90
597.17	1012.00
597.43	1014.80
597.69	1019.80
597.95	1031.90
598.20	1024.80
598.46	1037.90
598.72	1049.00
598.97	1047.10
599.23	1053.30
599.49	1068.50
599.75	1069.00
600.00	1074.70
600.26	1086.30
600.52	1090.40
600.78	1102.60
601.03	1110.70
601.29	1101.60
601.55	1113.50
601.80	1125.50
602.06	1149.90
602.32	1146.30
602.58	1145.90
602.83	1155.90
603.09	1166.90
603.35	1180.20
603.60	1187.00
603.86	1187.00
604.12	1187.60
604.38	1196.20
604.63	1218.90
604.89	1222.50
605.15	1220.40
605.40	1237.60
605.66	1242.20
605.92	1242.30
606.18	1246.10
606.43	1257.10
606.69	1278.40
606.95	1271.10
607.20	1278.70
607.46	1291.50
607.72	1298.90
607.97	1300.90
608.23	1316.90
608.49	1320.20
608.75	1332.30
609.00	1352.50
609.26	1348.30
609.52	1357.10
609.77	1367.10
610.03	1367.80
610.29	1376.40
610.54	1386.60
610.80	1380.00
611.06	1390.40
611.31	1412.80
611.57	1406.50
611.83	1409.20
612.08	1424.10
612.34	1426.10
612.60	1425.60
612.86	1431.40
613.11	1434.30
613.37	1457.10
613.63	1464.30
613.88	1466.00
614.14	1467.30
614.40	1469.20
614.65	1482.80
614.91	1493.50
615.17	1488.80
615.42	1496.30
615.68	1491.60
615.94	1509.30
616.19	1509.60
616.45	1516.20
616.71	1514.70
616.96	1521.30
617.22	1526.50
617.48	1525.10
617.73	1541.60
617.99	1540.40
618.25	1532.60
618.50	1523.60
618.76	1549.60
619.02	1535.50
619.27	1543.80
619.53	1546.50
619.79	1557.90
620.04	1558.90
620.30	1542.40
620.56	1548.90
620.81	1544.20
621.07	1548.40
621.32	1561.10
621.58	1573.10
621.84	1554.40
622.09	1555.90
622.35	1552.40
622.61	1547.40
622.86	1559.10
623.12	1562.20
623.38	1551.90
623.63	1554.60
623.89	1546.00
624.15	1538.80
624.40	1545.80
624.66	1552.10
624.92	1539.00
625.17	1545.00
625.43	1534.50
625.68	1544.10
625.94	1544.90
626.20	1533.30
626.45	1535.60
626.71	1545.20
626.97	1529.50
627.22	1541.00
627.48	1534.30
627.73	1528.20
627.99	1537.00
628.25	1536.80
628.50	1526.10
628.76	1532.70
629.02	1522.70
629.27	1519.00
629.53	1526.10
629.78	1533.20
630.04	1537.60
630.30	1527.30
630.55	1516.50
630.81	1504.40
631.07	1519.00
631.32	1526.40
631.58	1518.50
631.83	1526.20
632.09	1516.30
632.35	1523.90
632.60	1521.30
632.86	1513.70
633.11	1508.60
633.37	1519.00
633.63	1511.50
633.88	1530.70
634.14	1529.90
634.40	1527.40
634.65	1526.20
634.91	1522.30
635.16	1519.00
635.42	1527.80
635.68	1527.30
635.93	1528.80
636.19	1525.80
636.44	1519.90
636.70	1528.00
636.96	1533.80
637.21	1538.10
637.47	1530.10
637.72	1535.20
637.98	1541.60
638.23	1547.60
638.49	1557.00
638.75	1539.30
639.00	1544.00
639.26	1567.10
639.51	1578.30
639.77	1567.40
640.03	1584.20
640.28	1589.30
640.54	1589.20
640.79	1588.60
641.05	1595.70
641.30	1595.40
641.56	1588.50
641.82	1601.70
642.07	1599.90
642.33	1615.80
642.58	1609.90
642.84	1617.90
643.10	1613.90
643.35	1621.30
643.61	1639.90
643.86	1643.50
644.12	1650.60
644.37	1668.40
644.63	1688.40
644.89	1670.40
645.14	1670.00
645.40	1667.00
645.65	1688.00
645.91	1690.90
646.16	1699.40
646.42	1707.80
646.67	1710.60
646.93	1733.50
647.19	1731.70
647.44	1725.90
647.70	1727.60
647.95	1737.10
648.21	1763.30
648.46	1762.90
648.72	1765.20
648.97	1781.10
649.23	1786.10
649.49	1806.50
649.74	1822.90
650.00	1823.70
650.25	1808.10
650.51	1827.20
650.76	1833.90
651.02	1845.20
651.27	1869.30
651.53	1863.50
651.79	1868.40
652.04	1876.40
652.30	1904.00
652.55	1894.00
652.81	1905.10
653.06	1918.90
653.32	1922.20
653.57	1928.20
653.83	1944.60
654.08	1958.10
654.34	1977.00
654.59	1968.00
654.85	1962.00
655.10	1978.30
655.36	1982.30
655.62	1988.60
655.87	1977.60
656.13	2002.50
656.38	2023.50
656.64	2048.30
656.89	2031.80
657.15	2029.30
657.40	2048.40
657.66	2075.70
657.91	2087.60
658.17	2069.40
658.42	2101.20
658.68	2098.50
658.93	2104.10
659.19	2100.00
659.44	2122.20
659.70	2133.70
659.95	2150.40
660.21	2151.90
660.46	2170.20
660.72	2174.50
660.97	2181.10
661.23	2161.70
661.48	2190.70
661.74	2190.50
661.99	2197.20
662.25	2208.20
662.51	2220.90
662.76	2203.30
663.02	2213.20
663.27	2214.80
663.53	2216.90
663.78	2239.60
664.04	2254.70
664.29	2243.40
664.55	2238.70
664.80	2233.90
665.06	2239.90
665.31	2260.00
665.56	2264.70
665.82	2295.70
666.07	2267.90
666.33	2266.90
666.58	2272.80
666.84	2287.60
667.09	2291.60
667.35	2280.80
667.60	2274.80
667.86	2281.60
668.11	2276.90
668.37	2278.90
668.62	2281.00
668.88	2263.50
669.13	2272.10
669.39	2276.90
669.64	2276.60
669.90	2283.00
670.15	2283.70
670.41	2276.90
670.66	2270.50
670.92	2274.60
671.17	2283.70
671.43	2268.20
671.68	2266.30
671.94	2260.40
672.19	2253.50
672.44	2266.70
672.70	2265.70
672.95	2264.50
673.21	2236.20
673.46	2244.80
673.72	2233.70
673.97	2242.00
674.23	2226.10
674.48	2242.90
674.74	2247.40
674.99	2248.40
675.25	2225.20
675.50	2209.50
675.75	2230.70
676.01	2214.10
676.26	2205.40
676.52	2198.90
676.77	2212.20
677.03	2197.50
677.28	2201.90
677.54	2208.00
677.79	2189.50
678.05	2212.70
678.30	2200.30
678.55	2177.90
678.81	2187.40
679.06	2183.80
679.32	2166.10
679.57	2178.70
679.83	2173.90
680.08	2170.80
680.34	2164.20
680.59	2162.60
680.84	2156.70
681.10	2149.60
681.35	2152.50
681.61	2148.30
681.86	2148.30
682.12	2150.60
682.37	2158.10
682.62	2140.90
682.88	2148.50
683.13	2177.20
683.39	2154.00
683.64	2136.60
683.90	2130.20
684.15	2146.60
684.40	2129.30
684.66	2117.20
684.91	2121.20
685.17	2119.90
685.42	2125.00
685.68	2115.30
685.93	2126.80
686.18	2108.00
686.44	2109.50
686.69	2119.70
686.95	2108.80
687.20	2116.70
687.46	2127.40
687.71	2121.40
687.96	2121.80
688.22	2119.70
688.47	2097.30
688.73	2112.20
688.98	2104.70
689.23	2121.90
689.49	2131.40
689.74	2122.70
690.00	2117.50
690.25	2111.30
690.50	2112.30
690.76	2114.90
691.01	2125.00
691.27	2113.30
691.52	2130.20
691.77	2131.10
692.03	2127.90
692.28	2126.40
692.54	2115.40
692.79	2114.90
693.04	2130.70
693.30	2142.30
693.55	2120.00
693.81	2113.50
694.06	2121.40
694.31	2144.70
694.57	2159.30
694.82	2163.60
695.08	2157.80
695.33	2156.30
695.58	2171.00
695.84	2166.60
696.09	2181.50
696.34	2199.00
696.60	2219.00
696.85	2207.60
697.11	2193.50
697.36	2225.80
697.61	2240.90
697.87	2220.60
698.12	2223.20
698.37	2233.00
698.63	2232.90
698.88	2244.90
699.14	2250.80
699.39	2257.70
699.64	2260.10
699.90	2254.60
700.15	2263.30
700.40	2283.00
700.66	2292.20
700.91	2288.30
701.17	2291.90
701.42	2297.40
701.67	2297.10
701.93	2311.80
702.18	2328.90
702.43	2345.60
702.69	2345.50
702.94	2322.40
703.19	2331.10
703.45	2355.90
703.70	2353.20
703.95	2353.60
704.21	2357.30
704.46	2369.90
704.72	2385.50
704.97	2402.50
705.22	2404.60
705.48	2397.20
705.73	2400.50
705.98	2415.40
706.24	2426.00
706.49	2451.90
706.74	2445.60
707.00	2437.90
707.25	2451.80
707.50	2463.30
707.76	2466.50
708.01	2475.00
708.26	2480.80
708.52	2500.50
708.77	2495.10
709.02	2495.00
709.28	2501.80
709.53	2510.50
709.78	2533.80
710.04	2553.50
710.29	2578.20
710.54	2586.70
710.80	2572.10
711.05	2589.10
711.30	2613.80
711.56	2623.30
711.81	2623.50
712.06	2642.40
712.32	2648.00
712.57	2645.70
712.82	2649.30
713.08	2648.40
713.33	2664.90
713.58	2689.10
713.84	2697.40
714.09	2706.30
714.34	2706.50
714.59	2721.70
714.85	2721.40
715.10	2716.50
715.35	2729.50
715.61	2750.30
715.86	2749.40
716.11	2736.50
716.37	2739.60
716.62	2775.30
716.87	2768.80
717.13	2752.60
717.38	2776.40
717.63	2785.10
717.89	2787.70
718.14	2798.40
718.39	2804.00
718.64	2789.00
718.90	2795.10
719.15	2833.50
719.40	2813.60
719.66	2801.40
719.91	2827.40
720.16	2843.00
720.41	2830.70
720.67	2854.30
720.92	2839.40
721.17	2831.90
721.43	2848.90
721.68	2845.10
721.93	2853.50
722.19	2853.80
722.44	2840.00
722.69	2843.50
722.94	2834.40
723.20	2843.80
723.45	2850.00
723.70	2827.70
723.95	2846.00
724.21	2862.40
724.46	2859.80
724.71	2843.40
724.97	2828.00
725.22	2848.80
725.47	2849.90
725.72	2860.30
725.98	2817.20
726.23	2838.00
726.48	2822.70
726.74	2826.00
726.99	2816.20
727.24	2838.40
727.49	2843.70
727.75	2848.30
728.00	2837.10
728.25	2818.10
728.50	2797.10
728.76	2804.00
729.01	2787.30
729.26	2776.20
729.51	2771.00
729.77	2785.60
730.02	2781.90
730.27	2761.50
730.52	2768.10
730.78	2753.60
731.03	2749.20
731.28	2741.70
731.53	2719.10
731.79	2736.90
732.04	2710.40
732.29	2693.50
732.54	2698.40
732.80	2689.40
733.05	2678.40
733.30	2675.50
733.55	2676.70
733.81	2671.50
734.06	2648.10
734.31	2640.30
734.56	2629.80
734.82	2632.60
735.07	2626.80
735.32	2620.80
735.57	2597.40
735.83	2604.80
736.08	2606.00
736.33	2594.90
736.58	2598.90
736.84	2581.70
737.09	2567.00
737.34	2581.40
737.59	2565.00
737.84	2571.90
738.10	2561.00
738.35	2555.90
738.60	2542.60
738.85	2552.40
739.11	2535.50
739.36	2536.10
739.61	2531.50
739.86	2508.20
740.11	2521.20
740.37	2526.30
740.62	2522.60
740.87	2509.20
741.12	2513.30
741.38	2495.00
741.63	2522.40
741.88	2504.70
742.13	2496.70
742.38	2479.10
742.64	2487.90
742.89	2501.00
743.14	2480.30
743.39	2468.00
743.64	2484.80
743.90	2476.70
744.15	2464.50
744.40	2443.10
744.65	2448.90
744.90	2431.50
745.16	2432.90
745.41	2428.40
745.66	2432.70
745.91	2444.20
746.16	2455.10
746.42	2431.20
746.67	2446.20
746.92	2428.30
747.17	2423.80
747.42	2441.10
747.68	2421.20
747.93	2433.70
748.18	2424.40
748.43	2411.20
748.68	2407.70
748.94	2405.70
749.19	2404.50
749.44	2402.20
749.69	2400.60
749.94	2415.50
750.19	2406.20
750.45	2390.70
750.70	2408.10
750.95	2402.50
751.20	2383.70
751.45	2388.20
751.71	2390.60
751.96	2390.30
752.21	2408.70
752.46	2410.10
752.71	2405.60
752.96	2388.50
753.22	2402.30
753.47	2402.20
753.72	2407.10
753.97	2403.00
754.22	2410.00
754.47	2390.30
754.73	2374.70
754.98	2376.10
755.23	2385.80
755.48	2382.50
755.73	2383.10
755.98	2363.60
756.24	2362.00
756.49	2381.60
756.74	2365.80
756.99	2386.70
757.24	2375.20
757.49	2385.60
757.74	2381.70
758.00	2376.10
758.25	2358.90
758.50	2357.80
758.75	2383.30
759.00	2394.90
759.25	2380.90
759.51	2364.20
759.76	2377.10
760.01	2397.00
760.26	2411.80
760.51	2404.70
760.76	2402.70
761.01	2390.70
761.27	2391.90
761.52	2415.80
761.77	2397.60
762.02	2385.30
762.27	2391.90
762.52	2414.50
762.77	2417.50
763.02	2424.70
763.28	2430.40
763.53	2426.90
763.78	2429.90
764.03	2448.60
764.28	2441.90
764.53	2431.00
764.78	2454.20
765.03	2433.10
765.29	2440.10
765.54	2464.30
765.79	2475.60
766.04	2467.60
766.29	2485.40
766.54	2476.20
766.79	2473.90
767.04	2464.90
767.30	2487.50
767.55	2499.00
767.80	2501.20
768.05	2491.50
768.30	2496.50
768.55	2513.00
768.80	2513.40
769.05	2516.00
769.30	2551.50
769.56	2526.60
769.81	2551.70
770.06	2549.60
770.31	2537.10
770.56	2538.40
770.81	2552.70
771.06	2556.80
771.31	2584.70
771.56	2588.70
771.82	2577.60
772.07	2582.30
772.32	2602.50
772.57	2603.90
772.82	2602.30
773.07	2613.90
773.32	2612.20
773.57	2613.50
773.82	2632.00
774.07	2635.00
774.32	2638.70
774.58	2648.30
774.83	2674.20
775.08	2653.60
775.33	2671.90
775.58	2674.80
775.83	2671.40
776.08	2685.40
776.33	2693.60
776.58	2690.10
776.83	2694.70
777.08	2687.90
777.33	2693.80
777.59	2705.30
777.84	2714.60
778.09	2704.60
778.34	2714.50
778.59	2728.10
778.84	2750.10
779.09	2752.00
779.34	2755.10
779.59	2765.90
779.84	2761.00
780.09	2772.10
780.34	2768.80
780.59	2764.10
780.84	2778.50
781.10	2799.40
781.35	2771.90
781.60	2783.00
781.85	2784.40
782.10	2779.00
782.35	2789.00
782.60	2797.60
782.85	2797.20
783.10	2806.00
783.35	2799.10
783.60	2799.20
783.85	2814.00
784.10	2811.40
784.35	2830.80
784.60	2823.40
784.85	2851.30
785.10	2808.30
785.35	2825.10
785.61	2813.70
785.86	2804.20
786.11	2836.10
786.36	2833.00
786.61	2832.50
786.86	2818.60
787.11	2828.30
787.36	2816.10
787.61	2825.60
787.86	2826.10
788.11	2832.80
788.36	2822.40
788.61	2810.70
788.86	2825.60
789.11	2816.80
789.36	2793.70
789.61	2815.20
789.86	2811.70
790.11	2833.60
790.36	2806.80
790.61	2809.30
790.86	2815.60
791.11	2798.30
791.36	2796.10
791.61	2782.60
791.86	2815.70
792.11	2816.50
792.36	2811.40
792.61	2801.40
792.86	2810.10
793.11	2806.90
793.36	2791.40
793.61	2791.40
793.87	2791.90
794.12	2779.50
794.37	2754.80
794.62	2743.50
794.87	2734.70
795.12	2748.00
795.37	2755.20
795.62	2744.20
795.87	2720.70
796.12	2722.00
796.37	2738.90
796.62	2702.30
796.87	2690.70
797.12	2703.50
797.37	2698.40
797.62	2677.30
797.87	2689.00
798.12	2650.40
798.37	2686.30
798.62	2698.40
798.87	2670.80
799.12	2636.00
799.37	2627.40
799.62	2629.80
799.87	2639.40
800.12	2614.10
800.37	2615.40
800.62	2612.10
800.87	2607.50
801.12	2595.80
801.37	2600.50
801.61	2568.40
801.86	2579.90
802.11	2578.20
802.36	2566.90
802.61	2567.10
802.86	2580.10
803.11	2564.70
803.36	2536.40
803.61	2552.00
803.86	2535.30
804.11	2544.30
804.36	2502.50
804.61	2496.50
804.86	2509.10
805.11	2506.10
805.36	2469.40
805.61	2456.40
805.86	2458.40
806.11	2469.40
806.36	2448.50
806.61	2450.00
806.86	2445.70
807.11	2435.70
807.36	2407.10
807.61	2421.40
807.86	2419.30
808.11	2416.50
808.36	2391.70
808.61	2379.90
808.86	2394.20
809.11	2384.60
809.36	2349.60
809.60	2350.10
809.85	2356.40
810.10	2329.80
810.35	2336.20
810.60	2315.00
810.85	2314.70
811.10	2302.50
811.35	2310.10
811.60	2301.30
811.85	2288.10
812.10	2284.80
812.35	2273.10
812.60	2269.90
812.85	2261.10
813.10	2278.50
813.35	2254.90
813.60	2228.10
813.85	2233.50
814.09	2236.20
814.34	2235.30
814.59	2235.50
814.84	2211.50
815.09	2210.70
815.34	2211.70
815.59	2192.80
815.84	2184.50
816.09	2190.90
816.34	2189.10
816.59	2166.00
816.84	2162.90
817.09	2151.40
817.34	2156.60
817.58	2151.40
817.83	2144.80
818.08	2144.50
818.33	2149.90
818.58	2130.70
818.83	2121.90
819.08	2131.50
819.33	2132.00
819.58	2111.20
819.83	2108.70
820.08	2104.60
820.33	2107.70
820.57	2091.10
820.82	2104.60
821.07	2109.20
821.32	2074.80
821.57	2072.80
821.82	2078.60
822.07	2073.90
822.32	2065.50
822.57	2075.80
822.82	2077.80
823.07	2076.00
823.31	2069.00
823.56	2058.60
823.81	2037.80
824.06	2043.30
824.31	2070.50
824.56	2050.20
824.81	2041.10
825.06	2033.40
825.31	2040.50
825.55	2027.20
825.80	2030.30
826.05	2038.50
826.30	2030.50
826.55	2027.10
826.80	2017.20
827.05	2014.80
827.30	2009.30
827.55	2007.20
827.79	2007.30
828.04	2014.70
828.29	2016.70
828.54	2027.10
828.79	2018.10
829.04	2011.40
829.29	2013.40
829.54	2015.90
829.78	2017.80
830.03	2008.30
830.28	2009.00
830.53	2002.40
830.78	2002.40
831.03	1997.50
831.28	1987.30
831.53	1982.30
831.77	1985.70
832.02	1994.60
832.27	1991.60
832.52	1991.40
832.77	1972.60
833.02	1978.70
833.27	2000.10
833.51	1998.10
833.76	1990.90
834.01	1984.10
834.26	1970.60
834.51	1969.00
834.76	1977.60
835.01	1984.60
835.25	1983.60
835.50	1977.30
835.75	1981.10
836.00	2002.40
836.25	2005.10
836.50	1998.20
836.75	1988.00
836.99	1981.90
837.24	1990.30
837.49	1988.00
837.74	1984.30
837.99	1992.00
838.24	1997.70
838.48	1999.40
838.73	2008.70
838.98	1989.40
839.23	1988.70
839.48	1992.50
839.73	1987.60
839.97	2000.10
840.22	1995.60
840.47	1998.30
840.72	2007.70
840.97	2017.70
841.22	2005.70
841.46	1994.00
841.71	1998.10
841.96	1988.70
842.21	1985.60
842.46	2010.00
842.71	2029.90
842.95	2035.10
843.20	2032.80
843.45	2031.50
843.70	2019.10
843.95	2018.90
844.20	2029.00
844.44	2005.80
844.69	2017.80
844.94	2034.00
845.19	2010.10
845.44	2008.10
845.68	2028.40
845.93	2026.80
846.18	2014.20
846.43	2030.40
846.68	2032.30
846.92	2039.70
847.17	2051.70
847.42	2036.90
847.67	2033.20
847.92	2032.40
848.16	2034.40
848.41	2058.10
848.66	2064.90
848.91	2075.10
849.16	2077.00
849.40	2074.90
849.65	2073.90
849.90	2070.60
850.15	2075.60
850.40	2073.90
850.64	2053.80
850.89	2063.20
851.14	2052.20
851.39	2067.90
851.64	2069.00
851.88	2074.20
852.13	2091.90
852.38	2092.30
852.63	2089.00
852.87	2093.00
853.12	2101.50
853.37	2104.00
853.62	2110.70
853.87	2111.60
854.11	2100.80
854.36	2107.30
854.61	2095.50
854.86	2098.80
855.10	2113.00
855.35	2102.50
855.60	2110.30
855.85	2121.00
856.10	2115.90
856.34	2098.10
856.59	2119.00
856.84	2103.00
857.09	2111.60
857.33	2121.70
857.58	2132.70
857.83	2119.70
858.08	2128.40
858.32	2117.40
858.57	2119.70
858.82	2142.90
859.07	2148.60
859.31	2141.40
859.56	2140.40
859.81	2138.20
860.06	2133.80
860.30	2144.00
860.55	2148.20
860.80	2133.10
861.05	2148.40
861.29	2138.40
861.54	2155.00
861.79	2148.20
862.04	2150.00
862.28	2132.50
862.53	2137.50
862.78	2151.10
863.03	2143.70
863.27	2152.90
863.52	2155.20
863.77	2147.60
864.02	2161.40
864.26	2155.80
864.51	2153.80
864.76	2179.50
865.01	2165.00
865.25	2144.50
865.50	2162.80
865.75	2151.90
866.00	2153.80
866.24	2140.60
866.49	2156.20
866.74	2144.60
866.98	2136.60
867.23	2164.20
867.48	2160.80
867.73	2162.80
867.97	2156.10
868.22	2154.80
868.47	2149.90
868.71	2126.10
868.96	2134.00
869.21	2147.40
869.46	2143.50
869.70	2132.30
869.95	2141.00
870.20	2142.10
870.44	2135.20
870.69	2129.30
870.94	2118.70
871.19	2126.50
871.43	2134.50
871.68	2107.50
871.93	2111.40
872.17	2127.20
872.42	2134.60
872.67	2114.00
872.92	2106.90
873.16	2111.30
873.41	2106.10
873.66	2090.50
873.90	2084.90
874.15	2100.60
874.40	2098.00
874.64	2084.20
874.89	2077.50
875.14	2081.30
875.39	2075.30
875.63	2058.50
875.88	2074.60
876.13	2073.00
876.37	2075.00
876.62	2056.20
876.87	2062.80
877.11	2044.30
877.36	2032.40
877.61	2042.60
877.85	2038.70
878.10	2030.80
878.35	2057.40
878.59	2017.70
878.84	2007.70
879.09	2003.00
879.33	2021.70
879.58	1997.30
879.83	2001.90
880.07	2003.40
880.32	2005.50
880.57	1999.90
880.81	1992.50
881.06	2003.90
881.31	1985.50
881.55	1983.60
881.80	1976.70
882.05	1975.50
882.29	1966.00
882.54	1959.50
882.79	1955.40
883.03	1952.30
883.28	1950.20
883.53	1949.60
883.77	1956.30
884.02	1928.20
884.27	1921.50
884.51	1933.40
884.76	1924.00
885.01	1896.60
885.25	1905.50
885.50	1918.10
885.75	1909.70
885.99	1885.90
886.24	1902.40
886.49	1900.40
886.73	1894.50
886.98	1882.90
887.23	1881.10
887.47	1882.50
887.72	1867.30
887.96	1856.50
888.21	1862.00
888.46	1839.90
888.70	1830.70
888.95	1822.80
889.20	1825.00
889.44	1820.80
889.69	1818.60
889.94	1818.50
890.18	1806.40
890.43	1811.30
890.67	1803.30
890.92	1786.10
891.17	1783.20
891.41	1789.70
891.66	1774.50
891.91	1778.60
892.15	1768.50
892.40	1770.50
892.64	1756.50
892.89	1747.90
893.14	1743.40
893.38	1725.30
893.63	1728.80
893.88	1738.90
894.12	1722.40
894.37	1722.50
894.61	1712.40
894.86	1710.20
895.11	1700.30
895.35	1699.30
895.60	1700.80
895.84	1684.10
896.09	1679.80
896.34	1670.80
896.58	1673.50
896.83	1662.60
897.07	1661.40
897.32	1661.10
897.57	1659.10
897.81	1644.80
898.06	1640.40
898.30	1644.60
898.55	1631.00
898.80	1624.90
899.04	1619.20
899.29	1616.50
899.53	1621.50
899.78	1624.70
900.03	1619.70
900.27	1596.70
900.52	1591.10
900.76	1574.90
901.01	1592.50
901.26	1580.40
901.50	1593.50
901.75	1582.60
901.99	1571.40
902.24	1565.00
902.48	1553.00
902.73	1551.70
902.98	1549.60
903.22	1541.30
903.47	1531.50
903.71	1530.60
903.96	1534.60
904.21	1538.60
904.45	1528.80
904.70	1516.70
904.94	1518.60
905.19	1523.20
905.43	1520.80
905.68	1511.70
905.93	1509.60
906.17	1495.30
906.42	1494.60
906.66	1493.00
906.91	1480.60
907.15	1478.90
907.40	1471.20
907.64	1470.80
907.89	1473.20
908.14	1458.70
908.38	1463.20
908.63	1445.70
908.87	1442.90
909.12	1441.60
909.36	1449.90
909.61	1443.50
909.85	1430.90
910.10	1442.50
910.35	1436.60
910.59	1419.50
910.84	1410.00
911.08	1423.20
911.33	1420.30
911.57	1416.10
911.82	1422.30
912.06	1417.60
912.31	1410.50
912.55	1396.30
912.80	1383.00
913.05	1393.20
913.29	1392.00
913.54	1373.30
913.78	1364.10
914.03	1368.90
914.27	1361.40
914.52	1367.20
914.76	1362.10
915.01	1355.30
915.25	1349.10
915.50	1333.80
915.74	1335.90
915.99	1341.10
916.23	1330.00
916.48	1346.00
916.72	1344.90
916.97	1330.20
917.22	1316.10
917.46	1318.40
917.71	1311.90
917.95	1309.50
918.20	1310.80
918.44	1300.10
918.69	1293.90
918.93	1304.50
919.18	1304.60
919.42	1309.50
919.67	1305.50
919.91	1309.10
920.16	1294.10
920.40	1280.10
920.65	1302.60
920.89	1305.30
921.14	1288.20
921.38	1280.00
921.63	1285.50
921.87	1280.30
922.12	1273.70
922.36	1266.70
922.61	1258.10
922.85	1273.70
923.10	1290.70
923.34	1267.10
923.59	1254.10
923.83	1253.20
924.08	1270.00
924.32	1271.00
924.57	1267.50
924.81	1266.70
925.06	1276.80
925.30	1264.70
925.55	1254.40
925.79	1261.90
926.04	1254.60
926.28	1241.10
926.53	1230.10
926.77	1234.00
927.01	1242.50
927.26	1243.30
927.50	1226.70
927.75	1225.70
927.99	1231.50
928.24	1227.80
928.48	1230.30
928.73	1231.10
928.97	1226.40
929.22	1226.90
929.46	1222.00
929.71	1223.90
929.95	1222.30
930.20	1221.80
930.44	1214.60
930.69	1214.10
930.93	1205.40
931.17	1211.40
931.42	1211.60
931.66	1201.00
931.91	1198.10
932.15	1190.00
932.40	1193.00
932.64	1193.50
932.89	1186.00
933.13	1187.80
933.38	1179.10
933.62	1173.60
933.86	1177.40
934.11	1173.50
934.35	1169.30
934.60	1151.20
934.84	1150.60
935.09	1150.80
935.33	1136.50
935.58	1129.70
935.82	1112.70
936.06	1120.60
936.31	1124.40
936.55	1118.80
936.80	1109.30
937.04	1096.40
937.29	1103.30
937.53	1112.70
937.78	1097.90
938.02	1105.30
938.26	1100.40
938.51	1096.80
938.75	1089.90
939.00	1080.70
939.24	1087.60
939.49	1067.20
939.73	1074.10
939.97	1067.00
940.22	1061.70
940.46	1066.50
940.71	1052.80
940.95	1049.90
941.20	1056.30
941.44	1049.80
941.68	1048.70
941.93	1045.20
942.17	1050.50
942.42	1052.80
942.66	1043.00
942.90	1040.80
943.15	1042.50
943.39	1046.30
943.64	1040.00
943.88	1047.60
944.12	1046.60
944.37	1042.90
944.61	1045.80
944.86	1037.90
945.10	1043.80
945.35	1047.00
945.59	1041.50
945.83	1042.20
946.08	1046.10
946.32	1047.80
946.57	1045.00
946.81	1042.90
947.05	1043.50
947.30	1040.00
947.54	1054.80
947.78	1045.90
948.03	1039.90
948.27	1049.30
948.52	1049.10
948.76	1042.20
949.00	1053.70
949.25	1042.40
949.49	1052.90
949.74	1053.30
949.98	1050.60
950.22	1046.80
950.47	1045.70
950.71	1047.40
950.95	1047.30
951.20	1058.80
951.44	1047.90
951.69	1054.10
951.93	1052.40
952.17	1059.60
952.42	1049.40
952.66	1050.70
952.90	1059.10
953.15	1045.40
953.39	1038.90
953.64	1041.70
953.88	1054.60
954.12	1049.80
954.37	1049.60
954.61	1047.20
954.85	1056.80
955.10	1056.30
955.34	1055.80
955.58	1045.00
955.83	1054.90
956.07	1049.50
956.32	1048.70
956.56	1049.60
956.80	1050.40
957.05	1052.40
957.29	1047.10
957.53	1041.20
957.78	1041.40
958.02	1037.80
958.26	1027.30
958.51	1044.80
958.75	1041.10
958.99	1033.40
959.24	1033.10
959.48	1032.30
959.72	1039.60
959.97	1040.60
960.21	1024.40
960.45	1022.00
960.70	1016.40
960.94	1019.20
961.18	1016.80
961.43	1023.00
961.67	1033.90
961.91	1036.80
962.16	1022.80
962.40	1031.20
962.64	1033.70
962.89	1016.80
963.13	1001.90
963.37	1007.70
963.62	1000.00
963.86	1013.30
964.10	1017.30
964.35	1012.90
964.59	1005.40
964.83	1004.80
965.08	1006.10
965.32	997.90
965.56	985.00
965.81	999.80
966.05	985.40
966.29	972.40
966.54	986.80
966.78	995.20
967.02	987.80
967.27	984.70
967.51	989.00
967.75	986.60
967.99	965.80
968.24	967.50
968.48	961.50
968.72	962.60
968.97	960.40
969.21	955.10
969.45	948.30
969.70	952.60
969.94	952.10
970.18	951.60
970.42	948.10
970.67	944.80
970.91	943.80
971.15	946.60
971.40	935.60
971.64	926.80
971.88	929.90
972.12	929.00
972.37	929.50
972.61	926.90
972.85	917.00
973.10	915.70
973.34	915.00
973.58	913.70
973.82	921.60
974.07	904.50
974.31	908.60
974.55	898.80
974.80	882.80
975.04	884.80
975.28	881.50
975.52	884.10
975.77	873.00
976.01	879.40
976.25	872.50
976.50	872.20
976.74	861.50
976.98	863.00
977.22	860.30
977.47	860.10
977.71	859.30
977.95	853.10
978.19	852.00
978.44	841.20
978.68	847.70
978.92	839.70
979.16	840.10
979.41	829.90
979.65	831.20
979.89	816.10
980.13	818.60
980.38	805.00
980.62	805.70
980.86	814.40
981.10	816.30
981.35	799.20
981.59	793.20
981.83	804.50
982.07	788.30
982.32	793.90
982.56	772.10
982.80	774.00
983.04	778.20
983.29	781.10
983.53	780.00
983.77	773.80
984.01	773.90
984.26	755.60
984.50	755.40
984.74	757.30
984.98	747.60
985.23	750.40
985.47	745.70
985.71	738.40
985.95	736.70
986.19	733.30
986.44	722.80
986.68	713.80
986.92	723.50
987.16	725.20
987.41	708.50
987.65	714.30
987.89	699.80
988.13	705.30
988.37	694.60
988.62	696.80
988.86	692.60
989.10	687.00
989.34	673.10
989.59	679.30
989.83	685.30
990.07	680.50
990.31	683.10
990.55	678.70
990.80	656.80
991.04	646.40
991.28	660.60
991.52	656.70
991.76	654.40
992.01	643.10
992.25	638.00
992.49	649.20
992.73	634.10
992.97	638.70
993.22	628.00
993.46	624.40
993.70	625.60
993.94	616.20
994.18	614.50
994.43	612.40
994.67	603.20
994.91	601.20
995.15	601.90
995.39	598.40
995.64	594.30
995.88	587.00
996.12	585.30
996.36	579.20
996.60	583.60
996.84	580.70
997.09	573.10
997.33	571.70
997.57	573.10
997.81	561.50
998.05	564.80
998.30	562.80
998.54	552.40
998.78	556.00
999.02	543.10
999.26	529.20
999.50	534.30
999.75	532.40
999.99	528.70
1000.23	534.60
1000.47	528.80
1000.71	511.30
1000.95	509.80
1001.20	514.40
1001.44	514.40
1001.68	511.80
1001.92	507.30
1002.16	495.80
1002.40	493.80
1002.65	488.00
1002.89	488.50
1003.13	496.70
1003.37	487.80
1003.61	483.50
1003.85	478.50
1004.09	472.50
1004.34	469.50
1004.58	472.70
1004.82	457.60
1005.06	459.20
1005.30	455.40
1005.54	448.50
1005.78	445.80
1006.03	446.40
1006.27	442.70
1006.51	441.80
1006.75	439.00
1006.99	431.20
1007.23	435.10
1007.47	435.40
1007.72	429.00
1007.96	421.20
1008.20	425.90
1008.44	425.00
1008.68	420.20
1008.92	415.30
1009.16	407.00
1009.40	416.00
1009.65	409.90
1009.89	406.40
1010.13	409.20
1010.37	409.80
1010.61	412.70
1010.85	403.00
1011.09	396.30
1011.33	399.90
1011.58	395.10
1011.82	402.30
1012.06	392.70
1012.30	391.50
1012.54	381.80
1012.78	386.40
1013.02	386.90
1013.26	380.40
1013.50	373.10
1013.75	377.50
1013.99	377.30
1014.23	381.70
1014.47	371.90
1014.71	371.00
1014.95	363.10
1015.19	356.30
1015.43	363.40
1015.67	368.00
1015.92	366.70
1016.16	371.70
1016.40	365.40
1016.64	361.10
1016.88	359.70
1017.12	354.60
1017.36	359.30
1017.60	353.90
1017.84	356.30
1018.08	353.60
1018.32	345.20
1018.57	353.90
1018.81	343.70
1019.05	341.40
1019.29	339.10
1019.53	335.40
1019.77	331.10
1020.01	341.70
1020.25	331.20
1020.49	335.90
1020.73	328.70
1020.97	332.00
1021.21	330.20
1021.45	336.00
1021.70	325.60
1021.94	322.90
1022.18	324.10
1022.42	321.90
1022.66	309.10
1022.90	320.20
1023.14	311.10
1023.38	322.50
1023.62	306.70
1023.86	304.80
1024.10	299.00
1024.34	301.90
1024.58	295.50
1024.82	300.10
1025.06	301.80
1025.31	296.80
1025.55	299.10
1025.79	304.90
1026.03	305.50
1026.27	297.40
1026.51	291.70
1026.75	285.90
1026.99	293.50
1027.23	293.10
1027.47	284.50
1027.71	284.50
1027.95	279.60
1028.19	283.00
1028.43	279.50
1028.67	282.00
1028.91	278.40
1029.15	279.50
1029.39	275.60
1029.63	277.50
1029.87	278.80
1030.11	270.50
1030.36	271.60
1030.60	272.80
1030.84	260.10
1031.08	261.80
1031.32	258.10
1031.56	272.80
1031.80	275.90
1032.04	247.30
1032.28	247.10
1032.52	254.10
1032.76	249.30
1033.00	255.50
1033.24	249.40
1033.48	246.00
1033.72	243.20
1033.96	239.50
1034.20	238.80
1034.44	243.20
1034.68	242.90
1034.92	233.90
1035.16	237.70
1035.40	233.60
1035.64	223.00
1035.88	223.20
1036.12	232.70
1036.36	235.50
1036.60	222.70
1036.84	222.90
1037.08	222.60
1037.32	228.40
1037.56	227.00
1037.80	219.70
1038.04	211.80
1038.28	217.80
1038.52	218.90
1038.76	220.90
1039.00	220.70
1039.24	213.50
1039.48	207.90
1039.72	206.30
1039.96	209.70
1040.20	202.40
1040.44	199.40
1040.68	204.60
1040.92	204.50
1041.16	214.90
1041.40	213.50
1041.64	202.50
1041.88	195.70
1042.12	192.90
1042.36	188.10
1042.60	186.50
1042.84	191.60
1043.08	189.10
1043.32	194.30
1043.56	187.70
1043.80	191.10
1044.04	190.50
1044.28	189.00
1044.52	186.10
1044.76	179.60
1045.00	192.00
1045.24	189.20
1045.48	189.00
1045.72	181.60
1045.96	187.80
1046.19	184.30
1046.43	185.70
1046.67	185.10
1046.91	178.60
1047.15	178.80
1047.39	179.10
1047.63	168.70
1047.87	174.90
1048.11	174.30
1048.35	170.70
1048.59	170.30
1048.83	169.80
1049.07	167.30
1049.31	167.40
1049.55	170.80
1049.79	163.90
1050.03	165.80
1050.27	163.20
1050.51	158.50
1050.75	167.90
1050.99	160.60
1051.22	164.90
1051.46	166.90
1051.70	160.10
1051.94	158.20
1052.18	164.00
1052.42	170.40
1052.66	167.10
1052.90	155.50
1053.14	157.20
1053.38	151.70
1053.62	159.20
1053.86	148.30
1054.10	153.50
1054.34	150.20
1054.58	141.20
1054.81	146.00
1055.05	146.00
1055.29	136.90
1055.53	137.90
1055.77	142.50
1056.01	139.60
1056.25	137.80
1056.49	131.40
1056.73	136.70
1056.97	133.20
1057.21	133.30
1057.45	137.70
1057.69	135.20
1057.92	139.10
1058.16	130.40
1058.40	136.10
1058.64	133.90
1058.88	136.10
1059.12	134.70
1059.36	138.60
1059.60	131.50
1059.84	131.90
1060.08	128.70
1060.31	127.70
1060.55	126.30
1060.79	127.90
1061.03	120.10
1061.27	120.10
1061.51	116.00
1061.75	116.90
1061.99	121.00
1062.23	125.00
1062.47	120.00
1062.70	119.90
1062.94	123.50
1063.18	128.30
1063.42	122.50
1063.66	119.50
1063.90	112.60
1064.14	116.50
1064.38	117.10
1064.62	126.90
1064.85	130.10
1065.09	116.90
1065.33	113.00
1065.57	107.90
1065.81	105.90
1066.05	114.00
1066.29	116.30
1066.53	112.80
1066.76	111.50
1067.00	116.40
1067.24	111.00
1067.48	108.70
1067.72	108.80
1067.96	118.40
1068.20	112.10
1068.43	109.30
1068.67	109.80
1068.91	111.70
1069.15	111.20
1069.39	98.80
1069.63	100.40
1069.87	108.50
1070.11	111.50
1070.34	103.90
1070.58	101.90
1070.82	102.10
1071.06	99.30
1071.30	104.10
1071.54	97.00
1071.77	102.50
1072.01	102.90
1072.25	104.70
1072.49	101.30
1072.73	102.30
1072.97	100.50
1073.21	107.60
1073.44	105.70
1073.68	104.20
1073.92	96.70
1074.16	88.80
1074.40	90.80
1074.64	97.90
1074.87	95.40
1075.11	92.00
1075.35	93.70
1075.59	96.80
1075.83	97.70
1076.07	93.50
1076.30	92.80
1076.54	96.30
1076.78	93.20
1077.02	93.10
1077.26	99.00
1077.50	91.70
1077.73	82.90
1077.97	86.40
1078.21	85.20
1078.45	85.60
1078.69	78.90
1078.92	79.30
1079.16	85.30
1079.40	90.50
1079.64	89.90
1079.88	84.40
1080.12	74.90
1080.35	81.70
1080.59	86.60
1080.83	96.00
1081.07	85.60
1081.31	83.80
1081.54	71.00
1081.78	84.10
1082.02	85.70
1082.26	77.20
1082.50	81.90
1082.73	81.90
1082.97	74.70
1083.21	82.50
1083.45	83.70
1083.69	85.30
1083.92	89.60
1084.16	87.20
1084.40	72.60
1084.64	76.50
1084.88	78.00
1085.11	79.00
1085.35	73.60
1085.59	62.60
1085.83	68.90
1086.06	73.10
1086.30	82.80
1086.54	80.00
1086.78	74.10
1087.02	69.80
1087.25	71.20
1087.49	64.10
1087.73	67.40
1087.97	65.90
1088.20	63.80
1088.44	66.80
1088.68	59.20
1088.92	60.30
1089.16	54.50
1089.39	57.70
1089.63	60.10
1089.87	64.00
1090.11	60.70
1090.34	58.40
1090.58	58.90
1090.82	55.20
1091.06	48.70
1091.29	62.40
1091.53	54.20
1091.77	55.80
1092.01	51.30
1092.24	55.00
1092.48	50.10
1092.72	51.20
1092.96	45.80
1093.20	47.40
1093.43	42.30
1093.67	45.90
1093.91	48.30
1094.15	40.80
1094.38	46.10
1094.62	47.30
1094.86	57.80
1095.09	54.70
1095.33	49.70
1095.57	52.30
1095.81	50.80
1096.04	46.20
1096.28	41.60
1096.52	37.60
1096.76	49.20
1096.99	45.00
1097.23	45.70
1097.47	48.50
1097.71	33.10
1097.94	35.10
1098.18	38.70
1098.42	42.70
1098.65	36.50
1098.89	38.90
1099.13	39.20
1099.37	35.90
1099.60	34.80
1099.84	36.40
1100.08	36.30
1100.32	35.40
1100.55	32.00
1100.79	37.30
1101.03	37.40
1101.26	39.20
1101.50	32.60
1101.74	33.70
1101.98	31.90
1102.21	25.80
1102.45	28.90
1102.69	34.40
1102.92	25.90
1103.16	28.10
1103.40	23.80
1103.64	22.70
1103.87	28.40
1104.11	27.80
1104.35	25.00
1104.58	19.30
1104.82	11.20
1105.06	18.40
1105.29	24.00
1105.53	24.50
1105.77	23.70
1106.00	32.70
1106.24	30.50
1106.48	37.00
1106.72	27.70
1106.95	19.50
1107.19	25.30
1107.43	19.40
1107.66	19.60
1107.90	20.80
1108.14	19.30
1108.37	23.70
1108.61	26.70
1108.85	22.70
1109.08	20.80
1109.32	26.40
1109.56	28.50
1109.79	19.90
1110.03	19.20
1110.27	23.80
1110.50	18.80
1110.74	13.40
1110.98	17.20
1111.21	21.20
1111.45	23.60
1111.69	15.80
1111.92	11.90
1112.16	4.30
1112.40	12.00
1112.63	18.80
1112.87	18.80
1113.11	19.70
1113.34	23.60
1113.58	15.20
1113.82	13.00
1114.05	11.70
1114.29	11.40
1114.53	11.50
1114.76	15.50
1115.00	23.90
1115.24	17.80
1115.47	15.50
1115.71	16.00
1115.95	13.80
1116.18	15.30
1116.42	16.40
1116.66	13.10
1116.89	2.70
1117.13	6.30
1117.36	12.40
1117.60	7.80
1117.84	11.20
1118.07	13.30
1118.31	15.10
1118.55	10.80
1118.78	10.90
1119.02	4.50
1119.26	0.80
1119.49	5.60
1119.73	2.60
1119.96	11.30
1120.20	9.10
1120.44	8.20
1120.67	7.70
1120.91	8.70
1121.15	6.60
1121.38	11.70
1121.62	7.60
