194.94	-15.20
195.21	-15.20
195.48	-15.20
195.75	1.60
196.02	1.80
196.29	-0.20
196.56	4.00
196.83	12.40
197.10	4.70
197.37	-3.60
197.64	0.90
197.91	6.40
198.18	13.80
198.45	7.70
198.72	2.70
198.99	3.50
199.26	4.20
199.53	0.20
199.80	-6.50
200.07	-0.40
200.34	3.80
200.61	0.40
200.87	-2.40
201.14	3.50
201.41	-2.10
201.68	-12.10
201.95	-4.80
202.22	2.20
202.49	8.70
202.76	8.30
203.03	2.60
203.30	5.50
203.57	0.70
203.84	-6.00
204.11	-0.20
204.38	0.10
204.65	2.20
204.92	7.60
205.19	-1.50
205.46	4.30
205.73	1.40
206.00	-4.10
206.27	7.20
206.54	-2.30
206.80	-2.00
207.07	-2.30
207.34	-11.00
207.61	-1.50
207.88	-3.70
208.15	6.70
208.42	8.10
208.69	4.60
208.96	-0.20
209.23	-0.80
209.50	-3.50
209.77	0.20
210.04	2.10
210.31	-1.80
210.58	-6.90
210.85	2.30
211.11	-3.30
211.38	2.50
211.65	3.50
211.92	8.10
212.19	-0.20
212.46	-3.40
212.73	3.20
213.00	5.30
213.27	0.70
213.54	6.80
213.81	7.00
214.08	10.80
214.35	-0.90
214.62	-6.10
214.88	-2.00
215.15	-2.70
215.42	3.10
215.69	-4.40
215.96	-2.20
216.23	-4.00
216.50	-7.70
216.77	-2.90
217.04	2.40
217.31	-5.00
217.58	-10.50
217.85	-19.10
218.12	-0.40
218.38	0.10
218.65	-3.60
218.92	-3.50
219.19	-5.60
219.46	-18.80
219.73	-7.20
220.00	2.50
220.27	2.20
220.54	-5.10
220.81	1.40
221.08	-4.20
221.34	-6.40
221.61	-2.10
221.88	-1.90
222.15	-2.40
222.42	7.90
222.69	4.90
222.96	6.60
223.23	9.70
223.50	-0.90
223.77	-2.70
224.03	-2.00
224.30	-1.00
224.57	-0.50
224.84	1.10
225.11	-6.70
225.38	-2.70
225.65	4.80
225.92	4.80
226.19	-4.10
226.46	-8.20
226.72	3.20
226.99	-4.20
227.26	4.40
227.53	7.60
227.80	-4.60
228.07	2.60
228.34	2.80
228.61	0.20
228.88	-4.90
229.14	-5.30
229.41	2.00
229.68	4.50
229.95	6.10
230.22	-4.40
230.49	4.00
230.76	-3.10
231.03	2.00
231.29	5.30
231.56	4.00
231.83	0.90
232.10	-2.40
232.37	-9.00
232.64	-6.00
232.91	-4.40
233.18	-3.30
233.44	7.10
233.71	5.00
233.98	-2.30
234.25	0.20
234.52	-0.20
234.79	-0.50
235.06	7.00
235.33	3.60
235.59	1.00
235.86	-3.50
236.13	-9.20
236.40	-6.70
236.67	-1.90
236.94	0.40
237.21	-6.90
237.47	-9.80
237.74	-0.20
238.01	-4.60
238.28	-4.80
238.55	-6.20
238.82	6.10
239.09	4.40
239.35	-2.40
239.62	3.90
239.89	3.20
240.16	5.80
240.43	-1.30
240.70	-4.00
240.97	3.60
241.23	-4.80
241.50	-3.10
241.77	-2.40
242.04	-1.10
242.31	2.60
242.58	0.50
242.84	1.10
243.11	4.30
243.38	-3.00
243.65	-4.60
243.92	2.50
244.19	9.20
244.46	7.70
244.72	3.50
244.99	-2.30
245.26	-3.90
245.53	-10.90
245.80	-1.20
246.07	2.30
246.33	-3.50
246.60	-3.20
246.87	-1.20
247.14	7.90
247.41	9.00
247.68	-1.20
247.94	-5.10
248.21	-10.60
248.48	-3.80
248.75	-1.80
249.02	0.20
249.29	3.80
249.55	5.60
249.82	-1.20
250.09	-5.20
250.36	-0.70
250.63	-4.20
250.89	-6.90
251.16	-11.60
251.43	-4.70
251.70	-4.60
251.97	-12.90
252.24	-11.60
252.50	-1.50
252.77	-5.40
253.04	-0.40
253.31	-6.90
253.58	-8.90
253.84	-4.10
254.11	-0.70
254.38	-2.50
254.65	-3.00
254.92	-3.90
255.19	-2.20
255.45	-8.80
255.72	-6.20
255.99	3.40
256.26	-0.10
256.53	5.20
256.79	-4.40
257.06	-5.70
257.33	-3.20
257.60	-4.00
257.87	-1.40
258.13	2.20
258.40	0.10
258.67	1.20
258.94	-10.00
259.21	0.70
259.47	-5.80
259.74	-8.00
260.01	-8.30
260.28	-5.30
260.55	-4.20
260.81	-8.50
261.08	-4.10
261.35	-1.10
261.62	4.40
261.89	-6.40
262.15	-1.70
262.42	-5.60
262.69	7.30
262.96	0.10
263.23	-9.10
263.49	-1.40
263.76	1.90
264.03	-8.90
264.30	-9.60
264.56	-6.50
264.83	-1.90
265.10	-3.30
265.37	0.20
265.64	-6.20
265.90	-0.80
266.17	-0.20
266.44	3.40
266.71	3.40
266.97	0.50
267.24	-5.60
267.51	-0.60
267.78	-1.70
268.05	4.30
268.31	-2.20
268.58	1.70
268.85	-3.50
269.12	-7.20
269.38	-12.40
269.65	-8.70
269.92	-4.60
270.19	-6.30
270.45	-0.40
270.72	0.80
270.99	2.80
271.26	0.30
271.53	1.80
271.79	8.40
272.06	7.60
272.33	-5.30
272.60	-8.90
272.86	-7.00
273.13	-2.30
273.40	1.20
273.67	1.50
273.93	1.30
274.20	8.60
274.47	9.40
274.74	9.10
275.00	-4.20
275.27	-0.30
275.54	-5.80
275.81	-4.50
276.07	2.50
276.34	1.00
276.61	-0.40
276.88	-5.40
277.14	3.70
277.41	-3.60
277.68	-5.50
277.95	-0.70
278.21	-1.40
278.48	1.50
278.75	-0.80
279.02	-6.00
279.28	-2.10
279.55	-1.10
279.82	6.40
280.09	10.60
280.35	-6.50
280.62	-2.30
280.89	-5.40
281.16	-2.10
281.42	8.40
281.69	0.80
281.96	6.50
282.22	2.30
282.49	-11.70
282.76	1.10
283.03	10.00
283.29	-0.50
283.56	-5.80
283.83	0.80
284.10	-4.60
284.36	-0.50
284.63	-6.40
284.90	2.00
285.16	0.50
285.43	-2.60
285.70	3.70
285.97	-2.50
286.23	0.80
286.50	1.80
286.77	3.40
287.04	1.10
287.30	7.60
287.57	6.10
287.84	-0.20
288.10	1.80
288.37	3.70
288.64	-4.90
288.91	-2.30
289.17	-1.30
289.44	3.60
289.71	5.30
289.97	3.50
290.24	7.50
290.51	-2.30
290.78	-2.60
291.04	8.90
291.31	4.50
291.58	-0.60
291.84	-5.10
292.11	-0.60
292.38	0.00
292.64	2.30
292.91	-4.40
293.18	0.50
293.45	-6.00
293.71	5.40
293.98	-4.60
294.25	-8.20
294.51	1.30
294.78	-7.90
295.05	-3.50
295.31	-0.80
295.58	0.70
295.85	-1.20
296.12	7.90
296.38	-4.20
296.65	-0.60
296.92	-0.60
297.18	-6.30
297.45	2.70
297.72	2.50
297.98	2.00
298.25	-4.40
298.52	8.20
298.78	5.20
299.05	2.30
299.32	-0.30
299.58	-8.40
299.85	-5.00
300.12	3.40
300.39	2.10
300.65	-5.00
300.92	3.20
301.19	2.30
301.45	9.30
301.72	-0.80
301.99	3.50
302.25	-5.40
302.52	-2.10
302.79	-6.80
303.05	-1.30
303.32	2.00
303.59	2.40
303.85	-4.50
304.12	0.30
304.39	-0.50
304.65	1.60
304.92	0.60
305.19	6.40
305.45	1.80
305.72	-5.60
305.99	-5.70
306.25	-0.50
306.52	-2.00
306.79	-4.40
307.05	0.50
307.32	2.30
307.59	1.90
307.85	-0.80
308.12	-4.60
308.39	5.80
308.65	-3.30
308.92	-3.60
309.19	-1.50
309.45	7.40
309.72	1.60
309.98	-0.90
310.25	7.50
310.52	1.10
310.78	-4.20
311.05	-4.50
311.32	-1.90
311.58	-3.40
311.85	0.80
312.12	-3.10
312.38	-1.30
312.65	2.70
312.92	1.30
313.18	4.40
313.45	-0.80
313.72	-4.90
313.98	-2.90
314.25	-6.20
314.51	4.50
314.78	15.70
315.05	9.50
315.31	4.80
315.58	-1.20
315.85	2.80
316.11	4.00
316.38	-4.30
316.65	-7.60
316.91	-0.60
317.18	-3.60
317.44	-4.90
317.71	-5.20
317.98	0.10
318.24	-2.20
318.51	-9.00
318.78	-4.50
319.04	3.50
319.31	4.70
319.57	3.70
319.84	1.40
320.11	3.30
320.37	3.00
320.64	4.10
320.91	2.50
321.17	7.20
321.44	5.90
321.70	0.60
321.97	4.80
322.24	-0.50
322.50	-6.60
322.77	-3.80
323.03	2.70
323.30	-0.50
323.57	-2.80
323.83	-3.10
324.10	-3.60
324.37	-5.90
324.63	-0.40
324.90	2.40
325.16	7.30
325.43	7.40
325.70	5.10
325.96	-4.00
326.23	3.60
326.49	3.20
326.76	-7.00
327.03	2.20
327.29	-1.20
327.56	3.00
327.82	-0.60
328.09	2.20
328.36	2.40
328.62	0.80
328.89	-4.70
329.15	-2.80
329.42	2.90
329.69	3.30
329.95	-1.60
330.22	-0.20
330.48	1.90
330.75	0.00
331.02	0.10
331.28	5.50
331.55	2.70
331.81	2.90
332.08	1.30
332.34	6.10
332.61	3.80
332.88	8.80
333.14	-3.90
333.41	-2.80
333.67	-2.20
333.94	-5.20
334.21	4.50
334.47	-2.40
334.74	-6.30
335.00	-6.60
335.27	-2.10
335.53	-5.20
335.80	-3.10
336.07	-4.10
336.33	-3.40
336.60	-3.10
336.86	-0.80
337.13	1.90
337.39	1.90
337.66	1.00
337.93	-3.80
338.19	1.40
338.46	-4.50
338.72	5.30
338.99	3.00
339.25	-3.60
339.52	-1.30
339.79	2.80
340.05	-2.20
340.32	4.30
340.58	3.30
340.85	4.40
341.11	1.10
341.38	-2.40
341.65	1.90
341.91	3.30
342.18	-6.30
342.44	3.70
342.71	0.80
342.97	-1.20
343.24	4.20
343.50	2.40
343.77	-3.30
344.03	-0.20
344.30	-3.80
344.57	-1.70
344.83	-0.50
345.10	0.10
345.36	-5.90
345.63	-9.30
345.89	-2.30
346.16	-2.40
346.42	-2.20
346.69	3.20
346.96	2.20
347.22	-1.40
347.49	-2.00
347.75	4.50
348.02	-0.20
348.28	-1.20
348.55	5.30
348.81	-3.00
349.08	-7.50
349.34	-3.60
349.61	-1.60
349.87	4.90
350.14	0.50
350.40	0.40
350.67	-1.40
350.94	-0.20
351.20	2.60
351.47	-5.20
351.73	-1.70
352.00	7.00
352.26	-1.20
352.53	1.40
352.79	0.80
353.06	4.70
353.32	-5.40
353.59	-3.10
353.85	3.30
354.12	6.60
354.38	-5.00
354.65	0.30
354.91	5.70
355.18	7.20
355.44	2.60
355.71	4.30
355.97	-1.60
356.24	-0.50
356.51	-1.70
356.77	2.00
357.04	-10.10
357.30	-1.50
357.57	-11.20
357.83	-2.90
358.10	2.30
358.36	-0.80
358.63	-9.20
358.89	-3.50
359.16	9.80
359.42	3.70
359.69	-0.40
359.95	-1.90
360.22	0.50
360.48	2.10
360.75	4.90
361.01	-2.30
361.28	3.20
361.54	0.50
361.81	-1.10
362.07	-3.40
362.34	1.70
362.60	5.10
362.87	0.60
363.13	0.40
363.40	5.20
363.66	2.90
363.93	6.80
364.19	0.80
364.46	-0.10
364.72	-1.80
364.99	-1.90
365.25	-7.80
365.52	-6.40
365.78	5.30
366.04	1.10
366.31	11.80
366.57	3.60
366.84	-2.50
367.10	-4.20
367.37	-5.70
367.63	0.20
367.90	-4.00
368.16	-2.10
368.43	-6.20
368.69	-6.60
368.96	-17.20
369.22	-7.70
369.49	-13.80
369.75	-8.60
370.02	1.40
370.28	5.40
370.55	-1.00
370.81	7.20
371.08	8.60
371.34	1.50
371.60	-1.00
371.87	0.70
372.13	-2.60
372.40	6.40
372.66	6.40
372.93	-0.50
373.19	1.00
373.46	-1.70
373.72	-5.20
373.99	-3.20
374.25	-5.70
374.52	1.10
374.78	7.90
375.04	4.70
375.31	2.30
375.57	-1.10
375.84	-7.10
376.10	-9.20
376.37	3.10
376.63	-1.40
376.90	3.60
377.16	1.50
377.43	3.80
377.69	-5.20
377.95	-6.20
378.22	-4.80
378.48	6.10
378.75	5.90
379.01	-3.40
379.28	2.80
379.54	1.40
379.81	5.40
380.07	2.60
380.33	-2.50
380.60	-5.10
380.86	2.10
381.13	2.40
381.39	-1.70
381.66	-3.50
381.92	12.50
382.19	8.80
382.45	3.00
382.71	5.00
382.98	8.50
383.24	3.40
383.51	2.30
383.77	0.90
384.04	0.80
384.30	0.90
384.56	-4.10
384.83	2.30
385.09	-1.50
385.36	-3.00
385.62	-2.10
385.89	-0.70
386.15	0.10
386.41	3.40
386.68	0.90
386.94	-0.30
387.21	-3.70
387.47	0.30
387.74	-7.90
388.00	-1.30
388.26	6.10
388.53	6.30
388.79	5.10
389.06	5.70
389.32	4.30
389.58	-4.00
389.85	3.20
390.11	1.20
390.38	-4.60
390.64	-1.80
390.90	2.50
391.17	0.30
391.43	-1.60
391.70	-2.50
391.96	1.90
392.23	-1.20
392.49	7.50
392.75	-6.20
393.02	-5.10
393.28	1.00
393.55	10.70
393.81	-2.50
394.07	-2.60
394.34	1.60
394.60	2.80
394.87	4.50
395.13	3.10
395.39	6.90
395.66	0.60
395.92	-8.10
396.18	-7.50
396.45	1.20
396.71	11.00
396.98	8.40
397.24	-5.80
397.50	-3.00
397.77	-1.50
398.03	0.40
398.30	5.20
398.56	1.30
398.82	7.00
399.09	3.90
399.35	5.40
399.62	1.30
399.88	3.00
400.14	7.90
400.41	-2.30
400.67	5.00
400.93	1.50
401.20	-3.80
401.46	-1.00
401.73	5.50
401.99	7.60
402.25	-0.60
402.52	1.70
402.78	14.90
403.04	3.60
403.31	4.90
403.57	-3.30
403.84	8.40
404.10	2.30
404.36	-0.10
404.63	-0.10
404.89	0.60
405.15	1.30
405.42	3.60
405.68	-6.30
405.94	7.40
406.21	4.80
406.47	3.80
406.74	5.50
407.00	8.60
407.26	2.90
407.53	-4.30
407.79	-2.30
408.05	5.30
408.32	5.90
408.58	5.60
408.84	5.50
409.11	10.50
409.37	2.20
409.63	0.50
409.90	1.00
410.16	6.70
410.42	2.40
410.69	1.70
410.95	-5.00
411.22	-2.60
411.48	3.00
411.74	1.50
412.01	5.70
412.27	12.00
412.53	7.10
412.80	5.80
413.06	2.00
413.32	-1.30
413.59	0.20
413.85	-2.90
414.11	-0.90
414.38	10.40
414.64	10.70
414.90	11.30
415.17	2.90
415.43	1.20
415.69	4.80
415.96	4.60
416.22	10.20
416.48	9.70
416.75	1.80
417.01	-5.60
417.27	-4.20
417.54	11.30
417.80	9.80
418.06	14.40
418.33	12.50
418.59	15.00
418.85	3.50
419.12	1.30
419.38	-0.30
419.64	4.00
419.91	-0.80
420.17	5.30
420.43	16.50
420.69	8.20
420.96	5.70
421.22	14.60
421.48	11.00
421.75	7.10
422.01	0.60
422.27	-0.10
422.54	13.90
422.80	12.70
423.06	3.20
423.33	11.00
423.59	8.60
423.85	13.00
424.11	8.10
424.38	-1.50
424.64	11.20
424.90	6.70
425.17	11.80
425.43	19.20
425.69	14.30
425.96	13.50
426.22	14.40
426.48	14.80
426.75	15.40
427.01	17.60
427.27	18.30
427.53	13.90
427.80	12.20
428.06	14.80
428.32	14.60
428.59	20.20
428.85	10.50
429.11	18.50
429.37	13.80
429.64	10.10
429.90	14.10
430.16	11.70
430.43	12.10
430.69	12.20
430.95	9.60
431.21	12.90
431.48	15.90
431.74	10.90
432.00	12.50
432.27	7.90
432.53	1.40
432.79	10.80
433.05	15.60
433.32	13.60
433.58	17.40
433.84	24.10
434.11	7.30
434.37	0.30
434.63	5.60
434.89	7.60
435.16	8.40
435.42	13.60
435.68	15.90
435.94	11.40
436.21	11.10
436.47	19.60
436.73	25.80
436.99	18.30
437.26	10.40
437.52	15.10
437.78	10.20
438.05	0.50
438.31	9.90
438.57	8.90
438.83	14.30
439.10	16.70
439.36	23.00
439.62	17.70
439.88	9.30
440.15	15.10
440.41	17.40
440.67	14.80
440.93	14.80
441.20	18.40
441.46	18.80
441.72	10.10
441.98	18.60
442.25	13.20
442.51	11.70
442.77	9.70
443.03	12.30
443.30	20.60
443.56	16.50
443.82	21.90
444.08	17.60
444.35	17.70
444.61	19.20
444.87	9.50
445.13	17.90
445.40	26.00
445.66	29.20
445.92	15.30
446.18	12.70
446.44	14.00
446.71	17.30
446.97	25.50
447.23	22.10
447.49	21.80
447.76	23.70
448.02	18.00
448.28	13.80
448.54	9.40
448.81	19.20
449.07	24.50
449.33	19.90
449.59	21.80
449.85	23.00
450.12	17.20
450.38	19.10
450.64	14.00
450.90	22.10
451.17	23.20
451.43	23.90
451.69	18.80
451.95	24.30
452.21	28.90
452.48	24.70
452.74	37.50
453.00	35.00
453.26	28.90
453.53	26.70
453.79	31.10
454.05	30.40
454.31	31.80
454.57	28.90
454.84	34.40
455.10	28.80
455.36	28.60
455.62	28.80
455.88	21.50
456.15	22.10
456.41	15.80
456.67	24.80
456.93	29.20
457.19	26.30
457.46	25.40
457.72	25.20
457.98	21.40
458.24	33.30
458.50	35.10
458.77	29.50
459.03	17.90
459.29	13.00
459.55	20.10
459.81	24.70
460.08	26.00
460.34	31.60
460.60	36.80
460.86	40.00
461.12	37.40
461.39	31.90
461.65	23.20
461.91	24.30
462.17	24.10
462.43	24.10
462.69	31.20
462.96	37.00
463.22	34.30
463.48	27.20
463.74	36.50
464.00	37.90
464.27	34.90
464.53	36.90
464.79	30.60
465.05	35.50
465.31	42.40
465.57	37.40
465.84	33.70
466.10	34.00
466.36	37.10
466.62	36.00
466.88	47.00
467.14	39.80
467.41	35.50
467.67	34.10
467.93	40.10
468.19	32.90
468.45	29.50
468.71	37.40
468.98	49.10
469.24	49.10
469.50	49.60
469.76	49.20
470.02	48.30
470.28	36.00
470.55	38.60
470.81	41.50
471.07	38.20
471.33	40.90
471.59	42.60
471.85	36.10
472.11	45.40
472.38	47.40
472.64	45.10
472.90	56.70
473.16	46.50
473.42	42.80
473.68	47.50
473.95	43.20
474.21	49.70
474.47	54.50
474.73	51.40
474.99	47.90
475.25	52.70
475.51	51.50
475.78	47.50
476.04	52.60
476.30	53.20
476.56	59.00
476.82	58.50
477.08	56.50
477.34	57.20
477.61	55.50
477.87	60.40
478.13	60.50
478.39	54.70
478.65	59.00
478.91	56.90
479.17	59.00
479.43	61.00
479.70	61.10
479.96	65.30
480.22	61.60
480.48	59.70
480.74	63.70
481.00	58.30
481.26	63.40
481.52	64.50
481.79	58.80
482.05	68.20
482.31	63.70
482.57	60.60
482.83	63.20
483.09	66.20
483.35	63.70
483.61	66.20
483.88	63.60
484.14	61.30
484.40	67.10
484.66	58.10
484.92	52.50
485.18	67.30
485.44	76.60
485.70	70.10
485.96	67.80
486.23	70.80
486.49	71.60
486.75	68.70
487.01	70.20
487.27	70.90
487.53	69.50
487.79	69.40
488.05	66.80
488.31	69.80
488.57	68.60
488.84	71.20
489.10	66.90
489.36	68.00
489.62	70.00
489.88	74.70
490.14	72.10
490.40	65.70
490.66	78.80
490.92	75.70
491.18	73.90
491.44	73.20
491.71	86.40
491.97	81.40
492.23	78.10
492.49	80.50
492.75	80.80
493.01	77.60
493.27	83.20
493.53	82.60
493.79	79.50
494.05	84.00
494.31	84.10
494.58	84.20
494.84	94.90
495.10	97.10
495.36	90.80
495.62	94.10
495.88	93.20
496.14	92.10
496.40	88.00
496.66	99.20
496.92	99.40
497.18	107.00
497.44	98.40
497.70	104.70
497.96	103.10
498.23	103.30
498.49	106.30
498.75	96.00
499.01	107.40
499.27	102.30
499.53	104.60
499.79	102.00
500.05	110.20
500.31	112.00
500.57	112.10
500.83	121.00
501.09	111.30
501.35	116.10
501.61	126.50
501.87	124.40
502.13	115.70
502.40	116.90
502.66	120.70
502.92	122.60
503.18	120.60
503.44	120.10
503.70	120.50
503.96	115.40
504.22	121.30
504.48	125.10
504.74	130.50
505.00	136.30
505.26	133.20
505.52	140.10
505.78	138.40
506.04	132.30
506.30	130.60
506.56	129.50
506.82	129.80
507.08	128.70
507.34	131.40
507.60	141.70
507.86	136.00
508.13	140.70
508.39	141.10
508.65	132.00
508.91	128.80
509.17	128.10
509.43	144.90
509.69	138.00
509.95	140.50
510.21	133.10
510.47	135.10
510.73	141.00
510.99	137.10
511.25	142.40
511.51	141.10
511.77	134.30
512.03	131.60
512.29	135.10
512.55	141.20
512.81	142.60
513.07	138.10
513.33	134.50
513.59	144.90
513.85	133.70
514.11	139.60
514.37	143.70
514.63	143.30
514.89	153.10
515.15	143.40
515.41	145.70
515.67	143.10
515.93	142.10
516.19	142.50
516.45	139.50
516.71	145.30
516.97	151.30
517.23	145.00
517.49	147.80
517.75	155.70
518.01	149.30
518.27	143.90
518.53	133.90
518.79	141.90
519.05	151.20
519.31	146.10
519.57	150.10
519.83	159.30
520.09	159.20
520.35	153.30
520.61	151.30
520.87	147.90
521.13	149.40
521.39	157.60
521.65	157.90
521.91	164.50
522.17	167.70
522.43	158.10
522.69	155.30
522.95	161.50
523.21	168.60
523.47	171.90
523.73	170.80
523.99	177.20
524.25	182.50
524.51	178.60
524.77	179.20
525.03	172.60
525.29	180.20
525.55	188.70
525.81	177.70
526.07	195.80
526.33	193.70
526.59	196.40
526.85	198.30
527.11	200.00
527.37	197.50
527.63	196.20
527.89	198.80
528.15	198.20
528.41	197.10
528.67	207.00
528.93	210.60
529.19	214.90
529.45	218.50
529.71	213.50
529.96	212.80
530.22	209.90
530.48	217.70
530.74	222.20
531.00	217.80
531.26	222.20
531.52	223.70
531.78	231.10
532.04	245.70
532.30	230.90
532.56	235.80
532.82	229.10
533.08	230.80
533.34	238.50
533.60	240.60
533.86	242.50
534.12	248.50
534.38	243.50
534.64	250.40
534.90	255.50
535.16	255.70
535.42	256.30
535.67	259.30
535.93	257.70
536.19	256.70
536.45	260.90
536.71	272.70
536.97	270.50
537.23	269.50
537.49	260.50
537.75	261.70
538.01	262.90
538.27	270.20
538.53	268.70
538.79	278.70
539.05	265.60
539.31	269.50
539.57	270.20
539.82	269.50
540.08	267.70
540.34	264.60
540.60	268.60
540.86	263.30
541.12	271.30
541.38	270.60
541.64	279.80
541.90	270.90
542.16	267.90
542.42	269.10
542.68	273.60
542.94	279.90
543.19	273.40
543.45	279.20
543.71	268.50
543.97	273.00
544.23	265.90
544.49	271.00
544.75	274.60
545.01	273.10
545.27	280.50
545.53	282.10
545.79	272.80
546.05	266.70
546.30	264.60
546.56	262.90
546.82	267.40
547.08	278.60
547.34	276.80
547.60	269.50
547.86	271.20
548.12	280.10
548.38	277.90
548.64	268.80
548.89	271.40
549.15	283.30
549.41	279.70
549.67	275.20
549.93	279.70
550.19	276.60
550.45	285.70
550.71	277.70
550.97	283.70
551.23	288.80
551.48	282.90
551.74	288.00
552.00	290.90
552.26	287.40
552.52	286.20
552.78	292.20
553.04	292.60
553.30	293.00
553.56	291.70
553.81	300.10
554.07	296.10
554.33	292.90
554.59	302.10
554.85	288.10
555.11	298.10
555.37	308.60
555.63	310.20
555.88	305.90
556.14	311.80
556.40	314.20
556.66	311.30
556.92	314.40
557.18	323.70
557.44	328.20
557.70	326.10
557.95	324.70
558.21	320.90
558.47	319.70
558.73	318.30
558.99	324.50
559.25	340.30
559.51	340.80
559.76	335.80
560.02	335.30
560.28	329.90
560.54	338.40
560.80	353.90
561.06	362.10
561.32	356.30
561.58	351.80
561.83	360.60
562.09	359.70
562.35	361.30
562.61	374.60
562.87	369.60
563.13	377.10
563.38	375.20
563.64	379.70
563.90	387.20
564.16	391.80
564.42	384.90
564.68	383.10
564.94	392.10
565.19	389.80
565.45	397.90
565.71	402.60
565.97	405.20
566.23	401.70
566.49	411.80
566.74	417.70
567.00	415.80
567.26	428.70
567.52	425.00
567.78	421.60
568.04	435.40
568.29	428.60
568.55	429.00
568.81	438.90
569.07	436.20
569.33	449.60
569.59	447.50
569.84	447.00
570.10	459.50
570.36	447.50
570.62	464.70
570.88	472.00
571.14	455.80
571.39	461.10
571.65	469.70
571.91	456.80
572.17	463.00
572.43	478.00
572.69	489.20
572.94	477.50
573.20	478.10
573.46	476.00
573.72	485.20
573.98	492.90
574.23	501.40
574.49	482.40
574.75	485.30
575.01	491.30
575.27	493.60
575.53	502.60
575.78	502.50
576.04	498.70
576.30	496.90
576.56	501.50
576.82	505.20
577.07	501.30
577.33	502.70
577.59	500.40
577.85	498.30
578.11	504.20
578.36	503.90
578.62	501.60
578.88	504.00
579.14	505.20
579.40	514.90
579.65	506.40
579.91	502.70
580.17	506.10
580.43	507.30
580.69	507.30
580.94	507.90
581.20	499.30
581.46	505.50
581.72	505.00
581.97	508.80
582.23	498.70
582.49	507.80
582.75	505.30
583.01	499.90
583.26	508.60
583.52	505.00
583.78	510.80
584.04	514.40
584.30	509.90
584.55	508.50
584.81	503.40
585.07	496.20
585.33	496.50
585.58	499.30
585.84	502.00
586.10	503.10
586.36	496.50
586.61	500.70
586.87	490.80
587.13	501.20
587.39	509.30
587.65	507.20
587.90	509.90
588.16	509.40
588.42	507.10
588.68	503.40
588.93	506.50
589.19	504.00
589.45	508.10
589.71	509.70
589.96	505.10
590.22	510.60
590.48	520.50
590.74	516.40
590.99	525.80
591.25	525.80
591.51	528.40
591.77	529.70
592.02	519.10
592.28	525.20
592.54	530.50
592.80	533.10
593.05	528.10
593.31	534.20
593.57	530.60
593.83	535.00
594.08	536.10
594.34	539.20
594.60	529.70
594.86	550.90
595.11	554.10
595.37	548.60
595.63	546.20
595.89	551.00
596.14	560.50
596.40	562.30
596.66	559.80
596.92	559.90
597.17	561.10
597.43	562.30
597.69	569.60
597.95	586.60
598.20	579.80
598.46	584.50
598.72	583.90
598.97	581.40
599.23	596.20
599.49	601.40
599.75	593.20
600.00	598.20
600.26	613.00
600.52	602.50
600.78	611.50
601.03	620.30
601.29	615.30
601.55	621.20
601.80	628.20
602.06	634.60
602.32	633.00
602.58	635.70
602.83	641.10
603.09	652.80
603.35	667.80
603.60	667.10
603.86	671.60
604.12	658.70
604.38	664.70
604.63	677.10
604.89	672.10
605.15	681.70
605.40	697.20
605.66	686.50
605.92	684.20
606.18	692.50
606.43	699.90
606.69	707.60
606.95	701.70
607.20	708.70
607.46	712.20
607.72	723.30
607.97	732.80
608.23	734.30
608.49	724.20
608.75	729.00
609.00	751.00
609.26	746.60
609.52	756.60
609.77	753.10
610.03	742.90
610.29	762.50
610.54	781.30
610.80	773.50
611.06	775.20
611.31	778.20
611.57	779.00
611.83	777.00
612.08	779.90
612.34	785.70
612.60	786.00
612.86	799.40
613.11	796.20
613.37	807.60
613.63	823.00
613.88	823.90
614.14	813.00
614.40	821.00
614.65	826.80
614.91	821.20
615.17	820.00
615.42	818.10
615.68	821.60
615.94	842.30
616.19	838.00
616.45	841.30
616.71	836.30
616.96	838.60
617.22	846.80
617.48	838.20
617.73	847.90
617.99	851.60
618.25	840.00
618.50	843.40
618.76	861.10
619.02	841.60
619.27	845.40
619.53	852.00
619.79	862.30
620.04	868.20
620.30	847.40
620.56	857.50
620.81	848.30
621.07	844.30
621.32	858.10
621.58	866.00
621.84	857.10
622.09	856.10
622.35	860.30
622.61	858.00
622.86	855.60
623.12	855.80
623.38	857.90
623.63	862.50
623.89	845.30
624.15	845.90
624.40	849.70
624.66	855.90
624.92	845.70
625.17	847.30
625.43	838.60
625.68	847.60
625.94	851.80
626.20	845.60
626.45	842.90
626.71	844.40
626.97	844.10
627.22	855.20
627.48	842.40
627.73	843.40
627.99	849.90
628.25	855.90
628.50	850.20
628.76	839.60
629.02	837.00
629.27	841.50
629.53	831.20
629.78	839.30
630.04	850.80
630.30	833.90
630.55	836.30
630.81	834.40
631.07	832.50
631.32	830.30
631.58	834.00
631.83	832.20
632.09	836.50
632.35	834.90
632.60	837.70
632.86	827.00
633.11	830.70
633.37	834.20
633.63	837.20
633.88	845.40
634.14	845.70
634.40	842.10
634.65	844.00
634.91	834.90
635.16	839.70
635.42	832.90
635.68	830.30
635.93	829.30
636.19	830.40
636.44	834.20
636.70	835.70
636.96	832.30
637.21	841.80
637.47	830.30
637.72	837.20
637.98	845.10
638.23	847.60
638.49	858.30
638.75	842.40
639.00	847.50
639.26	856.20
639.51	868.40
639.77	856.70
640.03	860.80
640.28	860.30
640.54	873.30
640.79	870.30
641.05	868.90
641.30	870.90
641.56	867.40
641.82	871.60
642.07	881.30
642.33	890.30
642.58	879.30
642.84	880.90
643.10	886.90
643.35	880.30
643.61	893.40
643.86	901.90
644.12	899.00
644.37	900.40
644.63	915.10
644.89	903.80
645.14	907.40
645.40	909.40
645.65	931.90
645.91	929.30
646.16	925.80
646.42	909.20
646.67	921.50
646.93	941.00
647.19	949.90
647.44	945.20
647.70	952.40
647.95	945.60
648.21	956.00
648.46	951.80
648.72	959.70
648.97	969.30
649.23	970.90
649.49	981.10
649.74	993.30
650.00	1001.30
650.25	995.60
650.51	987.90
650.76	998.20
651.02	995.20
651.27	1007.20
651.53	1010.00
651.79	1004.70
652.04	1009.50
652.30	1031.20
652.55	1031.50
652.81	1037.00
653.06	1046.60
653.32	1042.90
653.57	1042.10
653.83	1048.50
654.08	1061.10
654.34	1064.60
654.59	1068.70
654.85	1060.70
655.10	1072.50
655.36	1077.60
655.62	1088.20
655.87	1083.60
656.13	1091.50
656.38	1090.60
656.64	1099.70
656.89	1103.10
657.15	1100.80
657.40	1110.70
657.66	1122.10
657.91	1127.00
658.17	1121.50
658.42	1132.50
658.68	1136.60
658.93	1135.10
659.19	1137.90
659.44	1148.70
659.70	1152.30
659.95	1148.00
660.21	1161.60
660.46	1174.40
660.72	1182.40
660.97	1183.70
661.23	1162.80
661.48	1173.40
661.74	1175.10
661.99	1186.50
662.25	1176.90
662.51	1195.80
662.76	1190.90
663.02	1199.40
663.27	1190.80
663.53	1196.50
663.78	1212.60
664.04	1206.60
664.29	1202.00
664.55	1194.50
664.80	1190.30
665.06	1208.80
665.31	1222.40
665.56	1217.60
665.82	1227.30
666.07	1216.60
666.33	1223.90
666.58	1222.20
666.84	1224.80
667.09	1227.40
667.35	1224.70
667.60	1228.90
667.86	1231.80
668.11	1225.00
668.37	1221.20
668.62	1223.10
668.88	1212.40
669.13	1225.50
669.39	1223.50
669.64	1221.80
669.90	1219.40
670.15	1224.60
670.41	1215.40
670.66	1215.30
670.92	1211.50
671.17	1214.30
671.43	1219.40
671.68	1214.90
671.94	1202.20
672.19	1204.00
672.44	1209.20
672.70	1212.50
672.95	1208.80
673.21	1197.60
673.46	1206.40
673.72	1194.70
673.97	1194.20
674.23	1189.80
674.48	1201.00
674.74	1199.80
674.99	1194.90
675.25	1193.80
675.50	1184.60
675.75	1187.80
676.01	1183.50
676.26	1180.40
676.52	1169.00
676.77	1178.40
677.03	1170.10
677.28	1179.40
677.54	1176.60
677.79	1168.40
678.05	1184.10
678.30	1164.90
678.55	1156.00
678.81	1165.00
679.06	1170.30
679.32	1163.90
679.57	1160.10
679.83	1163.00
680.08	1153.90
680.34	1155.30
680.59	1148.00
680.84	1147.00
681.10	1142.50
681.35	1141.00
681.61	1140.80
681.86	1132.90
682.12	1130.60
682.37	1133.80
682.62	1138.70
682.88	1138.20
683.13	1154.60
683.39	1141.80
683.64	1131.10
683.90	1118.20
684.15	1133.90
684.40	1126.50
684.66	1114.00
684.91	1125.90
685.17	1117.90
685.42	1113.60
685.68	1121.90
685.93	1134.60
686.18	1115.60
686.44	1120.80
686.69	1124.90
686.95	1117.30
687.20	1118.00
687.46	1119.30
687.71	1124.50
687.96	1131.50
688.22	1121.60
688.47	1121.40
688.73	1112.40
688.98	1111.20
689.23	1121.30
689.49	1127.90
689.74	1130.80
690.00	1121.90
690.25	1119.10
690.50	1117.80
690.76	1124.40
691.01	1117.10
691.27	1109.90
691.52	1117.40
691.77	1116.10
692.03	1115.80
692.28	1124.00
692.54	1112.20
692.79	1116.80
693.04	1117.00
693.30	1122.10
693.55	1119.60
693.81	1118.20
694.06	1124.80
694.31	1125.80
694.57	1127.00
694.82	1130.50
695.08	1143.30
695.33	1128.50
695.58	1136.90
695.84	1145.10
696.09	1145.60
696.34	1158.90
696.60	1164.10
696.85	1158.10
697.11	1158.10
697.36	1170.70
697.61	1166.80
697.87	1153.40
698.12	1163.90
698.37	1165.10
698.63	1172.30
698.88	1179.90
699.14	1177.20
699.39	1169.00
699.64	1180.20
699.90	1184.10
700.15	1188.20
700.40	1191.50
700.66	1188.10
700.91	1202.00
701.17	1217.50
701.42	1196.80
701.67	1191.10
701.93	1203.90
702.18	1203.30
702.43	1204.50
702.69	1215.70
702.94	1208.10
703.19	1218.20
703.45	1228.40
703.70	1239.40
703.95	1235.00
704.21	1232.90
704.46	1234.40
704.72	1243.00
704.97	1245.30
705.22	1252.50
705.48	1242.40
705.73	1240.10
705.98	1253.20
706.24	1258.70
706.49	1260.30
706.74	1256.90
707.00	1264.70
707.25	1273.40
707.50	1277.20
707.76	1269.40
708.01	1280.30
708.26	1288.40
708.52	1283.40
708.77	1287.50
709.02	1298.30
709.28	1295.40
709.53	1291.30
709.78	1316.10
710.04	1328.40
710.29	1331.20
710.54	1329.70
710.80	1327.10
711.05	1340.10
711.30	1350.20
711.56	1364.50
711.81	1363.40
712.06	1364.20
712.32	1359.70
712.57	1355.70
712.82	1361.40
713.08	1371.00
713.33	1377.70
713.58	1380.40
713.84	1387.70
714.09	1391.10
714.34	1396.10
714.59	1407.70
714.85	1393.30
715.10	1393.70
715.35	1398.20
715.61	1390.40
715.86	1410.20
716.11	1412.30
716.37	1398.10
716.62	1411.60
716.87	1425.70
717.13	1417.70
717.38	1426.10
717.63	1418.70
717.89	1413.60
718.14	1421.70
718.39	1421.40
718.64	1408.50
718.90	1427.30
719.15	1441.60
719.40	1440.60
719.66	1434.00
719.91	1447.30
720.16	1448.20
720.41	1422.10
720.67	1442.50
720.92	1448.80
721.17	1436.10
721.43	1443.30
721.68	1441.80
721.93	1448.70
722.19	1443.40
722.44	1450.20
722.69	1451.40
722.94	1435.50
723.20	1440.70
723.45	1446.30
723.70	1431.50
723.95	1443.50
724.21	1442.50
724.46	1436.90
724.71	1436.60
724.97	1435.00
725.22	1432.40
725.47	1433.70
725.72	1441.70
725.98	1427.90
726.23	1433.50
726.48	1426.30
726.74	1415.30
726.99	1422.50
727.24	1428.40
727.49	1426.70
727.75	1425.30
728.00	1412.30
728.25	1403.50
728.50	1405.80
728.76	1408.00
729.01	1398.40
729.26	1389.00
729.51	1398.00
729.77	1390.90
730.02	1385.90
730.27	1385.50
730.52	1380.10
730.78	1370.00
731.03	1377.10
731.28	1378.00
731.53	1358.10
731.79	1371.40
732.04	1368.60
732.29	1351.30
732.54	1349.20
732.80	1339.20
733.05	1331.70
733.30	1330.00
733.55	1341.30
733.81	1335.80
734.06	1333.80
734.31	1330.80
734.56	1314.70
734.82	1324.50
735.07	1315.80
735.32	1319.50
735.57	1313.50
735.83	1300.00
736.08	1290.60
736.33	1293.70
736.58	1299.70
736.84	1291.20
737.09	1274.00
737.34	1289.70
737.59	1283.60
737.84	1284.10
738.10	1280.20
738.35	1276.30
738.60	1261.60
738.85	1265.10
739.11	1253.10
739.36	1255.80
739.61	1249.10
739.86	1231.50
740.11	1249.90
740.37	1239.70
740.62	1246.20
740.87	1252.80
741.12	1254.20
741.38	1244.20
741.63	1237.40
741.88	1236.90
742.13	1227.50
742.38	1223.90
742.64	1228.30
742.89	1231.80
743.14	1224.40
743.39	1226.80
743.64	1226.20
743.90	1223.20
744.15	1214.40
744.40	1211.00
744.65	1215.80
744.90	1207.80
745.16	1201.00
745.41	1204.60
745.66	1199.90
745.91	1205.70
746.16	1214.00
746.42	1197.30
746.67	1195.40
746.92	1184.60
747.17	1185.10
747.42	1188.20
747.68	1187.50
747.93	1194.60
748.18	1199.50
748.43	1194.80
748.68	1190.30
748.94	1181.10
749.19	1174.20
749.44	1170.80
749.69	1184.80
749.94	1182.80
750.19	1185.40
750.45	1167.70
750.70	1169.50
750.95	1167.50
751.20	1162.50
751.45	1169.90
751.71	1179.40
751.96	1180.40
752.21	1191.20
752.46	1176.10
752.71	1175.40
752.96	1162.60
753.22	1165.80
753.47	1168.00
753.72	1176.00
753.97	1176.60
754.22	1174.80
754.47	1172.00
754.73	1161.60
754.98	1159.20
755.23	1159.70
755.48	1160.80
755.73	1171.20
755.98	1156.10
756.24	1154.40
756.49	1156.90
756.74	1146.40
756.99	1163.60
757.24	1172.70
757.49	1173.00
757.74	1173.50
758.00	1166.40
758.25	1159.00
758.50	1162.10
758.75	1170.80
759.00	1174.00
759.25	1170.10
759.51	1157.60
759.76	1165.20
760.01	1172.00
760.26	1178.40
760.51	1171.90
760.76	1166.00
761.01	1166.50
761.27	1168.10
761.52	1186.90
761.77	1182.30
762.02	1180.00
762.27	1174.70
762.52	1183.50
762.77	1184.90
763.02	1189.50
763.28	1185.50
763.53	1186.50
763.78	1193.20
764.03	1193.30
764.28	1188.30
764.53	1189.60
764.78	1205.80
765.03	1191.10
765.29	1187.90
765.54	1209.30
765.79	1213.10
766.04	1215.10
766.29	1220.10
766.54	1214.80
766.79	1220.30
767.04	1218.20
767.30	1228.70
767.55	1229.60
767.80	1224.40
768.05	1221.80
768.30	1223.40
768.55	1244.30
768.80	1244.70
769.05	1241.50
769.30	1263.50
769.56	1243.30
769.81	1251.60
770.06	1258.90
770.31	1256.00
770.56	1250.60
770.81	1254.70
771.06	1251.50
771.31	1266.10
771.56	1279.30
771.82	1276.10
772.07	1273.60
772.32	1304.20
772.57	1299.50
772.82	1285.00
773.07	1294.30
773.32	1294.90
773.57	1293.60
773.82	1305.80
774.07	1311.10
774.32	1311.80
774.58	1316.90
774.83	1331.00
775.08	1322.20
775.33	1326.70
775.58	1327.80
775.83	1342.80
776.08	1343.90
776.33	1343.00
776.58	1342.60
776.83	1343.30
777.08	1345.70
777.33	1351.90
777.59	1360.20
777.84	1359.40
778.09	1349.50
778.34	1352.30
778.59	1361.50
778.84	1372.40
779.09	1371.70
779.34	1372.20
779.59	1385.50
779.84	1375.70
780.09	1384.60
780.34	1396.70
780.59	1401.40
780.84	1395.40
781.10	1405.90
781.35	1393.90
781.60	1407.30
781.85	1406.00
782.10	1397.60
782.35	1404.20
782.60	1407.80
782.85	1410.00
783.10	1415.00
783.35	1417.10
783.60	1417.20
783.85	1429.30
784.10	1434.10
784.35	1434.70
784.60	1436.40
784.85	1454.20
785.10	1424.20
785.35	1442.90
785.61	1444.20
785.86	1431.40
786.11	1446.30
786.36	1442.10
786.61	1443.40
786.86	1448.30
787.11	1458.50
787.36	1444.90
787.61	1455.90
787.86	1457.70
788.11	1459.00
788.36	1451.80
788.61	1446.20
788.86	1456.10
789.11	1447.40
789.36	1448.90
789.61	1458.00
789.86	1464.90
790.11	1463.60
790.36	1456.50
790.61	1464.10
790.86	1468.30
791.11	1454.90
791.36	1450.80
791.61	1452.80
791.86	1466.50
792.11	1470.40
792.36	1462.80
792.61	1461.60
792.86	1473.00
793.11	1453.10
793.36	1455.70
793.61	1465.60
793.87	1461.30
794.12	1445.80
794.37	1447.40
794.62	1441.70
794.87	1437.80
795.12	1444.10
795.37	1451.70
795.62	1450.80
795.87	1434.40
796.12	1427.70
796.37	1439.70
796.62	1439.00
796.87	1435.60
797.12	1435.70
797.37	1431.70
797.62	1415.50
797.87	1423.50
798.12	1408.60
798.37	1426.70
798.62	1429.70
798.87	1425.40
799.12	1401.80
799.37	1405.00
799.62	1410.30
799.87	1403.20
800.12	1394.30
800.37	1402.40
800.62	1392.00
800.87	1392.30
801.12	1388.30
801.37	1391.40
801.61	1374.70
801.86	1388.10
802.11	1394.10
802.36	1384.20
802.61	1369.10
802.86	1382.40
803.11	1384.30
803.36	1374.50
803.61	1388.70
803.86	1376.80
804.11	1382.50
804.36	1355.90
804.61	1355.30
804.86	1352.70
805.11	1360.20
805.36	1347.00
805.61	1329.00
805.86	1340.60
806.11	1347.50
806.36	1337.50
806.61	1329.00
806.86	1324.70
807.11	1333.40
807.36	1320.40
807.61	1313.40
807.86	1313.60
808.11	1332.40
808.36	1320.50
808.61	1311.10
808.86	1314.10
809.11	1309.40
809.36	1293.20
809.60	1289.50
809.85	1287.20
810.10	1284.00
810.35	1287.40
810.60	1277.10
810.85	1288.10
811.10	1273.40
811.35	1290.70
811.60	1271.10
811.85	1266.90
812.10	1268.20
812.35	1266.60
812.60	1268.30
812.85	1261.40
813.10	1262.80
813.35	1252.20
813.60	1250.60
813.85	1246.00
814.09	1251.40
814.34	1250.10
814.59	1251.10
814.84	1245.80
815.09	1248.50
815.34	1233.20
815.59	1226.80
815.84	1240.90
816.09	1239.30
816.34	1237.00
816.59	1212.10
816.84	1213.10
817.09	1207.10
817.34	1215.70
817.58	1203.10
817.83	1200.40
818.08	1208.40
818.33	1212.60
818.58	1212.60
818.83	1201.80
819.08	1197.70
819.33	1205.50
819.58	1201.70
819.83	1205.70
820.08	1195.50
820.33	1200.00
820.57	1197.10
820.82	1203.80
821.07	1211.40
821.32	1190.20
821.57	1188.60
821.82	1183.70
822.07	1179.00
822.32	1164.30
822.57	1164.40
822.82	1175.10
823.07	1178.80
823.31	1183.80
823.56	1167.20
823.81	1164.10
824.06	1171.80
824.31	1191.90
824.56	1172.70
824.81	1165.80
825.06	1161.40
825.31	1162.60
825.55	1163.00
825.80	1164.50
826.05	1173.60
826.30	1164.50
826.55	1161.40
826.80	1151.50
827.05	1158.50
827.30	1148.60
827.55	1148.10
827.79	1153.70
828.04	1172.00
828.29	1166.10
828.54	1170.20
828.79	1160.70
829.04	1153.50
829.29	1158.10
829.54	1156.80
829.78	1166.60
830.03	1162.40
830.28	1168.00
830.53	1161.30
830.78	1158.20
831.03	1149.50
831.28	1151.70
831.53	1152.30
831.77	1151.20
832.02	1144.60
832.27	1148.50
832.52	1152.50
832.77	1152.30
833.02	1148.30
833.27	1157.80
833.51	1151.30
833.76	1152.70
834.01	1146.80
834.26	1144.00
834.51	1136.90
834.76	1148.30
835.01	1148.00
835.25	1150.70
835.50	1151.90
835.75	1153.50
836.00	1165.70
836.25	1168.80
836.50	1170.80
836.75	1168.90
836.99	1157.90
837.24	1160.40
837.49	1156.70
837.74	1151.40
837.99	1159.60
838.24	1168.90
838.48	1164.20
838.73	1170.80
838.98	1171.70
839.23	1165.80
839.48	1170.40
839.73	1170.50
839.97	1172.10
840.22	1159.00
840.47	1165.20
840.72	1179.20
840.97	1174.10
841.22	1173.50
841.46	1178.50
841.71	1170.00
841.96	1176.20
842.21	1168.20
842.46	1182.00
842.71	1192.80
842.95	1180.50
843.20	1201.50
843.45	1190.10
843.70	1183.90
843.95	1183.30
844.20	1187.00
844.44	1165.90
844.69	1184.90
844.94	1182.20
845.19	1177.10
845.44	1176.40
845.68	1191.10
845.93	1190.30
846.18	1186.80
846.43	1191.50
846.68	1188.50
846.92	1198.60
847.17	1196.30
847.42	1196.10
847.67	1192.70
847.92	1191.10
848.16	1204.80
848.41	1214.60
848.66	1214.40
848.91	1212.20
849.16	1212.70
849.40	1213.70
849.65	1216.60
849.90	1217.00
850.15	1219.90
850.40	1223.00
850.64	1212.30
850.89	1211.80
851.14	1205.70
851.39	1206.90
851.64	1223.10
851.88	1217.60
852.13	1212.80
852.38	1224.20
852.63	1230.50
852.87	1233.00
853.12	1246.20
853.37	1238.20
853.62	1241.50
853.87	1240.20
854.11	1231.80
854.36	1229.30
854.61	1221.30
854.86	1234.80
855.10	1234.20
855.35	1228.20
855.60	1241.30
855.85	1228.10
856.10	1236.70
856.34	1230.40
856.59	1240.10
856.84	1243.10
857.09	1245.90
857.33	1239.20
857.58	1248.90
857.83	1241.30
858.08	1254.60
858.32	1251.20
858.57	1233.70
858.82	1246.90
859.07	1249.10
859.31	1244.10
859.56	1257.20
859.81	1265.20
860.06	1244.30
860.30	1248.90
860.55	1249.50
860.80	1240.80
861.05	1250.50
861.29	1248.90
861.54	1249.70
861.79	1247.60
862.04	1252.80
862.28	1240.40
862.53	1244.00
862.78	1254.80
863.03	1251.70
863.27	1253.10
863.52	1259.70
863.77	1252.70
864.02	1253.20
864.26	1257.30
864.51	1243.70
864.76	1251.00
865.01	1256.30
865.25	1240.20
865.50	1246.00
865.75	1245.50
866.00	1251.00
866.24	1240.30
866.49	1241.70
866.74	1238.80
866.98	1238.00
867.23	1243.50
867.48	1255.80
867.73	1251.70
867.97	1242.30
868.22	1249.10
868.47	1235.00
868.71	1214.40
868.96	1229.00
869.21	1224.90
869.46	1223.10
869.70	1224.90
869.95	1226.40
870.20	1231.30
870.44	1235.50
870.69	1212.40
870.94	1195.90
871.19	1209.20
871.43	1224.40
871.68	1212.50
871.93	1205.40
872.17	1208.90
872.42	1216.70
872.67	1198.20
872.92	1198.20
873.16	1193.70
873.41	1191.60
873.66	1183.90
873.90	1188.60
874.15	1190.20
874.40	1186.50
874.64	1184.30
874.89	1168.90
875.14	1162.70
875.39	1159.70
875.63	1154.00
875.88	1171.80
876.13	1158.00
876.37	1150.70
876.62	1145.30
876.87	1158.00
877.11	1143.90
877.36	1139.00
877.61	1137.10
877.85	1125.40
878.10	1128.60
878.35	1145.00
878.59	1124.90
878.84	1128.70
879.09	1114.80
879.33	1128.90
879.58	1117.50
879.83	1108.00
880.07	1108.30
880.32	1105.00
880.57	1110.80
880.81	1109.00
881.06	1107.20
881.31	1098.30
881.55	1087.80
881.80	1080.20
882.05	1083.70
882.29	1081.90
882.54	1079.00
882.79	1068.80
883.03	1072.10
883.28	1063.20
883.53	1063.50
883.77	1059.70
884.02	1048.20
884.27	1053.60
884.51	1045.40
884.76	1040.10
885.01	1029.90
885.25	1042.50
885.50	1037.30
885.75	1041.50
885.99	1024.30
886.24	1034.50
886.49	1017.00
886.73	1012.20
886.98	1004.90
887.23	1004.00
887.47	1002.70
887.72	1004.60
887.96	995.30
888.21	992.10
888.46	972.50
888.70	976.50
888.95	970.60
889.20	964.40
889.44	959.80
889.69	966.60
889.94	956.80
890.18	952.60
890.43	964.40
890.67	951.00
890.92	932.80
891.17	937.80
891.41	937.70
891.66	919.10
891.91	923.20
892.15	931.70
892.40	920.80
892.64	924.00
892.89	907.30
893.14	916.00
893.38	894.20
893.63	894.80
893.88	904.20
894.12	883.70
894.37	879.30
894.61	873.20
894.86	871.50
895.11	859.90
895.35	869.50
895.60	869.70
895.84	865.20
896.09	851.90
896.34	848.10
896.58	843.00
896.83	830.90
897.07	833.10
897.32	836.20
897.57	820.80
897.81	815.50
898.06	820.40
898.30	829.20
898.55	817.30
898.80	810.70
899.04	803.10
899.29	802.20
899.53	803.10
899.78	797.20
900.03	791.30
900.27	778.80
900.52	778.30
900.76	761.50
901.01	772.10
901.26	772.30
901.50	770.10
901.75	766.50
901.99	756.00
902.24	753.70
902.48	749.00
902.73	740.40
902.98	743.60
903.22	737.20
903.47	724.90
903.71	723.70
903.96	724.90
904.21	735.50
904.45	724.30
904.70	708.40
904.94	713.90
905.19	707.30
905.43	707.10
905.68	698.60
905.93	700.20
906.17	693.70
906.42	693.50
906.66	695.70
906.91	691.50
907.15	686.40
907.40	677.40
907.64	678.90
907.89	670.30
908.14	655.50
908.38	659.20
908.63	645.50
908.87	654.20
909.12	650.40
909.36	647.30
909.61	646.20
909.85	631.10
910.10	632.60
910.35	636.30
910.59	635.50
910.84	635.00
911.08	627.90
911.33	620.10
911.57	613.90
911.82	610.50
912.06	616.70
912.31	611.20
912.55	599.60
912.80	602.70
913.05	605.00
913.29	586.60
913.54	582.20
913.78	580.10
914.03	588.30
914.27	575.70
914.52	583.40
914.76	568.40
915.01	567.50
915.25	563.50
915.50	559.90
915.74	559.50
915.99	557.50
916.23	555.10
916.48	552.90
916.72	547.10
916.97	547.50
917.22	541.00
917.46	541.10
917.71	529.80
917.95	525.60
918.20	529.00
918.44	524.30
918.69	524.20
918.93	523.20
919.18	521.80
919.42	509.30
919.67	510.40
919.91	500.80
920.16	501.00
920.40	498.90
920.65	501.70
920.89	502.60
921.14	491.90
921.38	485.50
921.63	483.30
921.87	483.70
922.12	479.80
922.36	473.90
922.61	466.80
922.85	468.00
923.10	480.70
923.34	472.80
923.59	465.70
923.83	457.30
924.08	465.20
924.32	457.10
924.57	450.70
924.81	449.40
925.06	458.10
925.30	452.30
925.55	453.00
925.79	447.70
926.04	440.40
926.28	429.70
926.53	421.60
926.77	429.60
927.01	428.20
927.26	433.20
927.50	425.90
927.75	420.20
927.99	426.20
928.24	418.80
928.48	415.90
928.73	412.40
928.97	407.10
929.22	411.40
929.46	413.80
929.71	408.20
929.95	405.60
930.20	405.10
930.44	400.40
930.69	395.70
930.93	385.20
931.17	384.70
931.42	383.20
931.66	378.70
931.91	375.70
932.15	381.70
932.40	374.60
932.64	363.60
932.89	362.50
933.13	363.80
933.38	364.80
933.62	359.80
933.86	360.70
934.11	356.20
934.35	348.50
934.60	341.70
934.84	344.20
935.09	342.50
935.33	336.80
935.58	333.60
935.82	329.80
936.06	326.00
936.31	323.00
936.55	316.50
936.80	314.70
937.04	306.50
937.29	301.40
937.53	314.50
937.78	301.90
938.02	297.20
938.26	298.70
938.51	303.20
938.75	294.90
939.00	292.60
939.24	287.30
939.49	280.00
939.73	277.90
939.97	264.60
940.22	267.20
940.46	272.50
940.71	267.20
940.95	272.20
941.20	269.60
941.44	266.30
941.68	258.50
941.93	250.80
942.17	249.50
942.42	246.00
942.66	260.30
942.90	255.00
943.15	256.50
943.39	246.80
943.64	250.10
943.88	247.90
944.12	242.60
944.37	247.40
944.61	244.40
944.86	239.30
945.10	240.80
945.35	242.40
945.59	233.60
945.83	232.10
946.08	233.40
946.32	244.60
946.57	233.40
946.81	227.70
947.05	232.00
947.30	217.30
947.54	223.50
947.78	227.00
948.03	225.50
948.27	226.90
948.52	216.20
948.76	215.30
949.00	230.40
949.25	221.20
949.49	225.90
949.74	223.00
949.98	221.80
950.22	218.00
950.47	211.60
950.71	211.20
950.95	210.80
951.20	224.40
951.44	213.10
951.69	199.00
951.93	209.20
952.17	205.10
952.42	210.80
952.66	210.90
952.90	200.80
953.15	188.10
953.39	205.10
953.64	200.00
953.88	200.50
954.12	206.60
954.37	203.00
954.61	200.30
954.85	197.70
955.10	200.80
955.34	195.20
955.58	188.00
955.83	194.70
956.07	194.20
956.32	192.70
956.56	184.90
956.80	179.70
957.05	195.80
957.29	190.50
957.53	185.40
957.78	187.70
958.02	188.30
958.26	178.90
958.51	183.70
958.75	183.40
958.99	177.10
959.24	176.30
959.48	169.80
959.72	176.00
959.97	176.30
960.21	170.10
960.45	173.30
960.70	170.50
960.94	159.50
961.18	161.60
961.43	160.30
961.67	174.00
961.91	173.10
962.16	167.90
962.40	170.90
962.64	176.00
962.89	169.20
963.13	165.60
963.37	163.30
963.62	153.70
963.86	165.20
964.10	174.90
964.35	169.20
964.59	167.00
964.83	161.70
965.08	165.10
965.32	161.90
965.56	156.40
965.81	163.90
966.05	156.70
966.29	149.30
966.54	157.50
966.78	164.20
967.02	165.10
967.27	155.60
967.51	155.00
967.75	168.00
967.99	146.30
968.24	155.30
968.48	155.10
968.72	151.60
968.97	149.00
969.21	153.20
969.45	146.00
969.70	142.20
969.94	145.20
970.18	144.60
970.42	141.00
970.67	142.70
970.91	145.10
971.15	159.20
971.40	156.80
971.64	154.70
971.88	159.30
972.12	154.20
972.37	154.20
972.61	152.90
972.85	144.10
973.10	148.30
973.34	156.10
973.58	152.50
973.82	154.20
974.07	153.50
974.31	156.60
974.55	150.50
974.80	148.10
975.04	151.20
975.28	148.50
975.52	159.20
975.77	154.80
976.01	152.60
976.25	144.70
976.50	149.50
976.74	150.10
976.98	152.20
977.22	154.20
977.47	146.80
977.71	147.90
977.95	152.20
978.19	155.20
978.44	154.40
978.68	163.40
978.92	154.80
979.16	152.80
979.41	147.30
979.65	152.40
979.89	150.90
980.13	151.60
980.38	148.60
980.62	155.00
980.86	158.30
981.10	163.90
981.35	159.10
981.59	158.00
981.83	160.80
982.07	162.50
982.32	159.20
982.56	154.10
982.80	153.90
983.04	155.90
983.29	164.50
983.53	163.80
983.77	159.00
984.01	170.10
984.26	164.80
984.50	167.60
984.74	165.00
984.98	165.30
985.23	172.90
985.47	167.60
985.71	164.70
985.95	166.50
986.19	175.00
986.44	162.70
986.68	161.70
986.92	171.90
987.16	171.70
987.41	168.60
987.65	174.80
987.89	171.80
988.13	170.70
988.37	172.50
988.62	179.60
988.86	175.30
989.10	170.00
989.34	166.70
989.59	172.70
989.83	177.10
990.07	181.80
990.31	183.40
990.55	178.10
990.80	174.60
991.04	167.30
991.28	166.10
991.52	169.20
991.76	173.50
992.01	175.50
992.25	178.50
992.49	184.00
992.73	186.00
992.97	193.60
993.22	181.20
993.46	185.00
993.70	180.10
993.94	185.00
994.18	179.80
994.43	176.50
994.67	178.50
994.91	184.60
995.15	178.80
995.39	185.30
995.64	188.60
995.88	186.70
996.12	195.20
996.36	192.80
996.60	190.20
996.84	180.30
997.09	186.40
997.33	197.50
997.57	193.40
997.81	193.40
998.05	192.80
998.30	193.30
998.54	196.00
998.78	195.40
999.02	185.40
999.26	187.00
999.50	191.70
999.75	195.40
999.99	189.10
1000.23	196.30
1000.47	192.20
1000.71	190.60
1000.95	195.80
1001.20	194.00
1001.44	187.90
1001.68	188.70
1001.92	186.10
1002.16	191.70
1002.40	197.30
1002.65	198.60
1002.89	194.90
1003.13	196.70
1003.37	198.50
1003.61	197.40
1003.85	199.20
1004.09	199.90
1004.34	197.50
1004.58	195.00
1004.82	186.00
1005.06	189.10
1005.30	191.80
1005.54	197.70
1005.78	201.90
1006.03	194.50
1006.27	187.80
1006.51	189.80
1006.75	188.40
1006.99	187.80
1007.23	187.50
1007.47	182.00
1007.72	184.40
1007.96	191.60
1008.20	194.00
1008.44	191.80
1008.68	193.30
1008.92	191.70
1009.16	191.30
1009.40	199.30
1009.65	191.90
1009.89	194.30
1010.13	200.70
1010.37	197.20
1010.61	205.90
1010.85	202.90
1011.09	196.70
1011.33	195.70
1011.58	196.30
1011.82	195.00
1012.06	197.60
1012.30	202.50
1012.54	199.50
1012.78	194.60
1013.02	198.50
1013.26	203.60
1013.50	188.20
1013.75	194.30
1013.99	188.00
1014.23	203.40
1014.47	193.90
1014.71	191.30
1014.95	186.30
1015.19	183.90
1015.43	189.20
1015.67	195.70
1015.92	207.20
1016.16	209.80
1016.40	198.60
1016.64	192.80
1016.88	195.40
1017.12	197.70
1017.36	203.80
1017.60	200.50
1017.84	203.50
1018.08	194.70
1018.32	196.90
1018.57	204.70
1018.81	197.00
1019.05	188.10
1019.29	190.10
1019.53	194.90
1019.77	197.00
1020.01	198.30
1020.25	194.50
1020.49	196.40
1020.73	192.80
1020.97	194.90
1021.21	203.80
1021.45	201.60
1021.70	199.80
1021.94	195.60
1022.18	198.50
1022.42	198.70
1022.66	191.20
1022.90	200.60
1023.14	191.20
1023.38	202.40
1023.62	194.90
1023.86	195.30
1024.10	189.90
1024.34	184.30
1024.58	186.70
1024.82	187.80
1025.06	198.10
1025.31	195.40
1025.55	184.20
1025.79	190.60
1026.03	197.70
1026.27	195.30
1026.51	192.70
1026.75	187.90
1026.99	187.70
1027.23	186.60
1027.47	185.60
1027.71	188.80
1027.95	182.70
1028.19	195.80
1028.43	187.60
1028.67	189.10
1028.91	186.90
1029.15	187.20
1029.39	184.20
1029.63	189.80
1029.87	181.90
1030.11	184.10
1030.36	183.80
1030.60	176.40
1030.84	179.30
1031.08	175.70
1031.32	182.30
1031.56	193.80
1031.80	198.80
1032.04	173.90
1032.28	172.00
1032.52	178.20
1032.76	175.20
1033.00	174.40
1033.24	174.70
1033.48	173.70
1033.72	170.70
1033.96	168.70
1034.20	182.10
1034.44	178.90
1034.68	165.70
1034.92	168.40
1035.16	166.60
1035.40	165.20
1035.64	165.30
1035.88	163.00
1036.12	166.60
1036.36	168.90
1036.60	168.10
1036.84	170.50
1037.08	164.90
1037.32	171.40
1037.56	169.30
1037.80	167.70
1038.04	163.70
1038.28	161.70
1038.52	162.00
1038.76	162.90
1039.00	165.40
1039.24	169.80
1039.48	160.70
1039.72	149.60
1039.96	152.70
1040.20	155.80
1040.44	154.70
1040.68	155.40
1040.92	154.70
1041.16	155.20
1041.40	166.40
1041.64	154.90
1041.88	149.10
1042.12	150.40
1042.36	151.20
1042.60	147.40
1042.84	154.60
1043.08	149.50
1043.32	144.00
1043.56	146.60
1043.80	148.90
1044.04	146.80
1044.28	150.50
1044.52	151.70
1044.76	144.50
1045.00	144.10
1045.24	143.20
1045.48	150.00
1045.72	142.90
1045.96	146.10
1046.19	148.80
1046.43	150.50
1046.67	148.00
1046.91	143.60
1047.15	141.80
1047.39	134.80
1047.63	133.30
1047.87	144.50
1048.11	144.40
1048.35	136.60
1048.59	144.50
1048.83	143.50
1049.07	136.00
1049.31	130.70
1049.55	136.90
1049.79	135.50
1050.03	135.90
1050.27	130.10
1050.51	130.30
1050.75	133.00
1050.99	133.40
1051.22	128.40
1051.46	137.80
1051.70	145.30
1051.94	129.50
1052.18	132.50
1052.42	142.70
1052.66	137.60
1052.90	128.30
1053.14	127.20
1053.38	127.20
1053.62	133.40
1053.86	127.60
1054.10	127.40
1054.34	130.40
1054.58	125.70
1054.81	121.30
1055.05	123.00
1055.29	115.80
1055.53	119.70
1055.77	121.30
1056.01	119.30
1056.25	124.20
1056.49	116.30
1056.73	121.40
1056.97	121.40
1057.21	117.40
1057.45	118.70
1057.69	118.20
1057.92	123.20
1058.16	118.50
1058.40	126.90
1058.64	119.30
1058.88	116.20
1059.12	105.60
1059.36	111.90
1059.60	121.10
1059.84	119.50
1060.08	120.80
1060.31	121.00
1060.55	118.30
1060.79	113.40
1061.03	115.80
1061.27	109.70
1061.51	106.50
1061.75	102.90
1061.99	99.60
1062.23	110.40
1062.47	110.00
1062.70	104.90
1062.94	112.90
1063.18	117.90
1063.42	104.30
1063.66	109.90
1063.90	106.30
1064.14	107.20
1064.38	99.90
1064.62	100.10
1064.85	105.50
1065.09	99.50
1065.33	100.70
1065.57	98.70
1065.81	107.10
1066.05	105.40
1066.29	115.40
1066.53	100.60
1066.76	104.20
1067.00	105.80
1067.24	102.40
1067.48	100.10
1067.72	104.30
1067.96	106.80
1068.20	106.10
1068.43	104.20
1068.67	100.70
1068.91	104.70
1069.15	96.30
1069.39	93.00
1069.63	92.20
1069.87	96.10
1070.11	98.20
1070.34	93.50
1070.58	94.60
1070.82	87.30
1071.06	90.50
1071.30	98.90
1071.54	92.80
1071.77	92.80
1072.01	93.10
1072.25	101.00
1072.49	94.30
1072.73	87.60
1072.97	89.80
1073.21	96.20
1073.44	100.20
1073.68	98.00
1073.92	90.10
1074.16	85.90
1074.40	81.10
1074.64	88.90
1074.87	86.40
1075.11	90.70
1075.35	91.40
1075.59	87.50
1075.83	90.80
1076.07	90.10
1076.30	86.40
1076.54	90.30
1076.78	84.20
1077.02	83.80
1077.26	89.00
1077.50	87.30
1077.73	78.40
1077.97	79.30
1078.21	76.10
1078.45	80.50
1078.69	78.00
1078.92	76.50
1079.16	84.50
1079.40	85.00
1079.64	83.30
1079.88	72.00
1080.12	69.30
1080.35	78.30
1080.59	79.90
1080.83	82.70
1081.07	80.20
1081.31	79.70
1081.54	65.10
1081.78	76.40
1082.02	81.50
1082.26	79.70
1082.50	78.00
1082.73	76.00
1082.97	75.10
1083.21	71.70
1083.45	73.80
1083.69	80.60
1083.92	79.30
1084.16	81.30
1084.40	70.60
1084.64	69.40
1084.88	68.00
1085.11	74.70
1085.35	73.10
1085.59	67.90
1085.83	70.80
1086.06	68.20
1086.30	71.30
1086.54	69.20
1086.78	64.40
1087.02	62.80
1087.25	67.70
1087.49	68.60
1087.73	64.90
1087.97	57.50
1088.20	54.20
1088.44	63.60
1088.68	66.10
1088.92	59.50
1089.16	54.70
1089.39	51.50
1089.63	61.80
1089.87	57.60
1090.11	54.70
1090.34	59.10
1090.58	54.10
1090.82	57.80
1091.06	42.30
1091.29	52.70
1091.53	43.70
1091.77	45.40
1092.01	58.70
1092.24	49.30
1092.48	42.70
1092.72	49.80
1092.96	44.20
1093.20	44.50
1093.43	44.20
1093.67	43.90
1093.91	47.90
1094.15	48.20
1094.38	53.40
1094.62	42.40
1094.86	57.10
1095.09	58.50
1095.33	43.70
1095.57	39.80
1095.81	36.80
1096.04	42.00
1096.28	33.20
1096.52	35.70
1096.76	49.00
1096.99	40.50
1097.23	38.30
1097.47	37.50
1097.71	26.80
1097.94	31.60
1098.18	32.00
1098.42	43.20
1098.65	36.60
1098.89	34.40
1099.13	33.00
1099.37	34.70
1099.60	28.00
1099.84	31.10
1100.08	36.40
1100.32	32.60
1100.55	35.20
1100.79	32.10
1101.03	27.80
1101.26	34.60
1101.50	33.90
1101.74	32.60
1101.98	32.80
1102.21	21.40
1102.45	23.30
1102.69	27.10
1102.92	19.80
1103.16	25.80
1103.40	26.50
1103.64	28.80
1103.87	26.60
1104.11	14.90
1104.35	18.20
1104.58	16.50
1104.82	12.10
1105.06	17.90
1105.29	18.10
1105.53	15.80
1105.77	23.00
1106.00	20.80
1106.24	20.50
1106.48	35.70
1106.72	24.00
1106.95	14.10
1107.19	18.60
1107.43	9.20
1107.66	14.60
1107.90	16.80
1108.14	19.00
1108.37	16.60
1108.61	20.70
1108.85	18.40
1109.08	15.70
1109.32	14.90
1109.56	20.80
1109.79	16.70
1110.03	15.10
1110.27	8.40
1110.50	3.90
1110.74	16.20
1110.98	10.20
1111.21	16.20
1111.45	20.90
1111.69	14.70
1111.92	15.20
1112.16	8.20
1112.40	14.20
1112.63	14.00
1112.87	14.70
1113.11	17.80
1113.34	25.20
1113.58	15.50
1113.82	10.20
1114.05	12.70
1114.29	2.70
1114.53	6.60
1114.76	17.00
1115.00	14.70
1115.24	9.40
1115.47	11.50
1115.71	9.40
1115.95	3.20
1116.18	9.80
1116.42	11.50
1116.66	13.40
1116.89	4.60
1117.13	1.10
1117.36	6.00
1117.60	3.70
1117.84	0.90
1118.07	8.90
1118.31	13.00
1118.55	7.50
1118.78	0.70
1119.02	5.90
1119.26	-2.10
1119.49	2.30
1119.73	3.80
1119.96	3.90
1120.20	5.70
1120.44	2.70
1120.67	0.90
1120.91	5.10
1121.15	7.50
1121.38	6.20
1121.62	-1.80
