194.94	20.50
195.21	20.50
195.48	20.50
195.75	4.80
196.02	10.00
196.29	15.90
196.56	10.90
196.83	7.60
197.10	7.80
197.37	6.20
197.64	2.70
197.91	8.20
198.18	5.60
198.45	1.70
198.72	7.70
198.99	5.30
199.26	3.00
199.53	7.90
199.80	7.80
200.07	8.40
200.34	9.20
200.61	18.20
200.87	9.30
201.14	4.90
201.41	12.10
201.68	19.80
201.95	6.10
202.22	3.30
202.49	6.00
202.76	15.70
203.03	13.50
203.30	-0.30
203.57	1.00
203.84	4.90
204.11	7.70
204.38	1.20
204.65	7.30
204.92	11.70
205.19	9.80
205.46	5.20
205.73	8.30
206.00	15.70
206.27	13.00
206.54	9.20
206.80	5.30
207.07	6.30
207.34	13.50
207.61	4.30
207.88	13.10
208.15	9.50
208.42	16.70
208.69	6.40
208.96	12.00
209.23	11.40
209.50	9.10
209.77	19.20
210.04	19.70
210.31	19.10
210.58	7.50
210.85	11.80
211.11	9.70
211.38	12.40
211.65	10.50
211.92	5.20
212.19	8.20
212.46	11.10
212.73	7.30
213.00	6.60
213.27	3.70
213.54	3.10
213.81	5.80
214.08	2.70
214.35	2.10
214.62	13.70
214.88	7.70
215.15	11.70
215.42	9.10
215.69	6.00
215.96	5.90
216.23	6.90
216.50	6.40
216.77	6.80
217.04	4.30
217.31	7.30
217.58	0.20
217.85	4.70
218.12	11.60
218.38	3.20
218.65	16.70
218.92	32.70
219.19	22.90
219.46	13.60
219.73	8.40
220.00	7.20
220.27	13.60
220.54	2.20
220.81	5.90
221.08	13.60
221.34	0.00
221.61	6.70
221.88	2.20
222.15	4.80
222.42	6.90
222.69	2.50
222.96	3.80
223.23	4.50
223.50	6.80
223.77	6.00
224.03	4.20
224.30	11.00
224.57	3.50
224.84	5.80
225.11	1.80
225.38	1.60
225.65	12.70
225.92	5.50
226.19	3.20
226.46	8.00
226.72	7.80
226.99	6.10
227.26	6.20
227.53	11.90
227.80	5.20
228.07	3.90
228.34	2.70
228.61	7.10
228.88	4.70
229.14	0.50
229.41	7.00
229.68	9.30
229.95	4.50
230.22	5.10
230.49	5.70
230.76	10.70
231.03	8.30
231.29	4.30
231.56	4.00
231.83	7.90
232.10	7.20
232.37	9.50
232.64	12.50
232.91	14.10
233.18	14.20
233.44	6.00
233.71	10.90
233.98	5.10
234.25	2.90
234.52	-3.10
234.79	3.80
235.06	7.80
235.33	6.30
235.59	7.60
235.86	13.20
236.13	16.50
236.40	19.20
236.67	4.30
236.94	11.30
237.21	9.90
237.47	8.10
237.74	-0.30
238.01	5.10
238.28	7.10
238.55	14.50
238.82	11.20
239.09	1.40
239.35	6.60
239.62	11.20
239.89	-1.20
240.16	1.00
240.43	8.40
240.70	6.00
240.97	8.50
241.23	9.20
241.50	8.20
241.77	-0.80
242.04	-2.20
242.31	0.60
242.58	5.20
242.84	8.00
243.11	4.80
243.38	3.00
243.65	2.60
243.92	11.60
244.19	6.20
244.46	4.70
244.72	9.30
244.99	3.10
245.26	-3.90
245.53	10.10
245.80	4.10
246.07	4.50
246.33	1.40
246.60	5.90
246.87	7.30
247.14	0.80
247.41	2.00
247.68	9.80
247.94	11.40
248.21	12.60
248.48	6.90
248.75	4.10
249.02	11.60
249.29	12.10
249.55	8.00
249.82	12.00
250.09	5.60
250.36	13.70
250.63	9.10
250.89	11.30
251.16	11.90
251.43	11.20
251.70	13.30
251.97	10.80
252.24	12.30
252.50	4.10
252.77	1.90
253.04	3.70
253.31	7.60
253.58	7.60
253.84	7.20
254.11	1.80
254.38	17.80
254.65	8.60
254.92	7.00
255.19	5.00
255.45	9.30
255.72	16.40
255.99	11.90
256.26	5.10
256.53	7.40
256.79	9.40
257.06	-0.30
257.33	6.90
257.60	7.00
257.87	6.50
258.13	16.50
258.40	18.30
258.67	11.60
258.94	0.30
259.21	1.30
259.47	6.60
259.74	11.20
260.01	4.80
260.28	8.50
260.55	3.90
260.81	8.40
261.08	19.50
261.35	2.10
261.62	1.80
261.89	8.20
262.15	6.40
262.42	9.30
262.69	14.80
262.96	10.60
263.23	-1.90
263.49	1.90
263.76	4.10
264.03	7.50
264.30	0.70
264.56	3.50
264.83	1.20
265.10	5.50
265.37	0.60
265.64	10.40
265.90	7.90
266.17	15.90
266.44	17.30
266.71	12.10
266.97	12.40
267.24	11.00
267.51	4.80
267.78	6.20
268.05	11.90
268.31	12.60
268.58	3.10
268.85	8.50
269.12	8.00
269.38	9.20
269.65	11.50
269.92	7.10
270.19	6.70
270.45	14.60
270.72	7.90
270.99	2.30
271.26	8.90
271.53	9.00
271.79	4.20
272.06	6.50
272.33	7.20
272.60	6.00
272.86	8.50
273.13	-0.10
273.40	7.60
273.67	20.50
273.93	14.70
274.20	10.40
274.47	4.90
274.74	14.30
275.00	10.10
275.27	5.30
275.54	12.30
275.81	8.70
276.07	-1.20
276.34	0.30
276.61	-2.10
276.88	1.80
277.14	3.40
277.41	9.70
277.68	6.50
277.95	11.80
278.21	15.50
278.48	8.90
278.75	1.90
279.02	9.50
279.28	10.40
279.55	9.50
279.82	4.10
280.09	7.10
280.35	6.80
280.62	-1.00
280.89	-1.60
281.16	0.70
281.42	8.70
281.69	-1.30
281.96	-6.30
282.22	-0.60
282.49	-0.40
282.76	4.50
283.03	4.30
283.29	5.70
283.56	1.00
283.83	3.20
284.10	8.10
284.36	11.70
284.63	0.90
284.90	8.00
285.16	12.60
285.43	5.10
285.70	7.20
285.97	-0.70
286.23	6.00
286.50	9.90
286.77	15.20
287.04	13.50
287.30	8.20
287.57	11.80
287.84	13.10
288.10	8.30
288.37	6.80
288.64	18.10
288.91	15.30
289.17	10.00
289.44	4.10
289.71	4.10
289.97	11.50
290.24	12.00
290.51	14.10
290.78	17.30
291.04	15.60
291.31	4.70
291.58	6.10
291.84	10.70
292.11	11.80
292.38	7.50
292.64	8.20
292.91	5.90
293.18	11.10
293.45	5.30
293.71	7.50
293.98	12.20
294.25	13.70
294.51	2.50
294.78	10.40
295.05	7.10
295.31	4.90
295.58	6.40
295.85	3.40
296.12	15.10
296.38	11.60
296.65	6.00
296.92	6.40
297.18	11.10
297.45	6.70
297.72	13.10
297.98	5.60
298.25	7.50
298.52	6.30
298.78	8.40
299.05	11.10
299.32	6.20
299.58	3.00
299.85	3.50
300.12	8.80
300.39	15.60
300.65	10.80
300.92	1.10
301.19	4.00
301.45	13.10
301.72	19.00
301.99	15.20
302.25	6.30
302.52	2.60
302.79	3.70
303.05	8.20
303.32	4.70
303.59	11.20
303.85	10.70
304.12	0.50
304.39	0.90
304.65	13.40
304.92	8.90
305.19	1.80
305.45	5.50
305.72	7.80
305.99	10.40
306.25	16.40
306.52	7.00
306.79	11.90
307.05	4.70
307.32	3.00
307.59	2.20
307.85	10.20
308.12	11.80
308.39	2.40
308.65	3.60
308.92	9.00
309.19	1.50
309.45	-0.70
309.72	2.30
309.98	8.50
310.25	9.20
310.52	6.10
310.78	8.20
311.05	8.70
311.32	16.70
311.58	14.70
311.85	4.60
312.12	2.40
312.38	6.40
312.65	7.30
312.92	2.60
313.18	5.10
313.45	8.10
313.72	4.20
313.98	7.80
314.25	6.50
314.51	3.50
314.78	-3.90
315.05	0.10
315.31	1.10
315.58	10.00
315.85	9.70
316.11	5.00
316.38	3.40
316.65	8.60
316.91	2.00
317.18	7.80
317.44	15.60
317.71	17.40
317.98	6.10
318.24	5.60
318.51	12.10
318.78	13.60
319.04	4.20
319.31	0.30
319.57	5.30
319.84	7.90
320.11	8.60
320.37	17.20
320.64	11.70
320.91	17.80
321.17	12.60
321.44	10.20
321.70	13.30
321.97	9.00
322.24	7.30
322.50	3.00
322.77	10.40
323.03	4.20
323.30	3.60
323.57	7.80
323.83	19.50
324.10	8.80
324.37	2.90
324.63	6.10
324.90	11.00
325.16	17.00
325.43	-2.40
325.70	-5.70
325.96	12.60
326.23	8.30
326.49	2.00
326.76	2.80
327.03	7.00
327.29	9.70
327.56	1.70
327.82	2.20
328.09	5.20
328.36	8.40
328.62	-1.30
328.89	5.40
329.15	4.10
329.42	5.40
329.69	3.60
329.95	3.80
330.22	13.60
330.48	15.00
330.75	5.10
331.02	2.90
331.28	0.80
331.55	7.10
331.81	6.80
332.08	5.30
332.34	4.10
332.61	6.30
332.88	0.30
333.14	1.10
333.41	8.70
333.67	12.50
333.94	12.00
334.21	11.40
334.47	5.30
334.74	12.20
335.00	9.80
335.27	11.10
335.53	6.40
335.80	3.90
336.07	5.80
336.33	3.00
336.60	12.60
336.86	10.50
337.13	9.10
337.39	3.90
337.66	11.80
337.93	10.50
338.19	9.00
338.46	3.80
338.72	2.50
338.99	-1.80
339.25	1.20
339.52	12.50
339.79	14.80
340.05	-0.70
340.32	8.50
340.58	14.80
340.85	10.00
341.11	4.30
341.38	-1.50
341.65	4.80
341.91	11.90
342.18	6.30
342.44	13.80
342.71	6.50
342.97	-1.10
343.24	0.70
343.50	1.10
343.77	10.80
344.03	10.40
344.30	4.50
344.57	2.00
344.83	7.40
345.10	4.50
345.36	8.40
345.63	11.40
345.89	9.20
346.16	14.20
346.42	8.50
346.69	3.70
346.96	5.30
347.22	12.00
347.49	14.00
347.75	11.50
348.02	4.30
348.28	7.20
348.55	12.70
348.81	7.70
349.08	7.60
349.34	19.40
349.61	8.20
349.87	-0.20
350.14	10.90
350.40	13.40
350.67	6.30
350.94	6.70
351.20	7.70
351.47	16.60
351.73	8.60
352.00	9.70
352.26	11.50
352.53	16.40
352.79	9.90
353.06	9.80
353.32	8.30
353.59	5.40
353.85	4.50
354.12	6.90
354.38	6.40
354.65	6.20
354.91	7.60
355.18	4.40
355.44	5.20
355.71	13.40
355.97	-1.80
356.24	5.10
356.51	5.60
356.77	7.30
357.04	4.80
357.30	2.90
357.57	12.20
357.83	15.90
358.10	8.20
358.36	9.40
358.63	11.80
358.89	14.90
359.16	5.10
359.42	7.50
359.69	9.30
359.95	8.80
360.22	0.40
360.48	7.10
360.75	8.10
361.01	8.70
361.28	7.60
361.54	7.80
361.81	3.20
362.07	7.90
362.34	-0.80
362.60	-1.60
362.87	2.40
363.13	10.30
363.40	11.80
363.66	2.90
363.93	11.50
364.19	20.80
364.46	8.20
364.72	4.70
364.99	2.20
365.25	9.50
365.52	8.40
365.78	5.60
366.04	12.70
366.31	13.00
366.57	9.70
366.84	4.90
367.10	2.60
367.37	2.50
367.63	0.30
367.90	7.40
368.16	4.30
368.43	7.90
368.69	5.30
368.96	11.10
369.22	12.80
369.49	19.60
369.75	6.30
370.02	5.40
370.28	3.40
370.55	11.50
370.81	13.10
371.08	11.20
371.34	5.20
371.60	9.50
371.87	10.80
372.13	4.50
372.40	10.70
372.66	16.70
372.93	5.90
373.19	10.30
373.46	9.70
373.72	6.10
373.99	11.80
374.25	8.10
374.52	1.40
374.78	-0.70
375.04	3.30
375.31	6.40
375.57	8.50
375.84	17.30
376.10	10.00
376.37	4.70
376.63	8.70
376.90	15.70
377.16	15.30
377.43	4.40
377.69	5.90
377.95	13.80
378.22	12.00
378.48	12.70
378.75	13.90
379.01	4.80
379.28	-3.30
379.54	0.10
379.81	17.50
380.07	10.30
380.33	1.30
380.60	8.50
380.86	5.10
381.13	17.90
381.39	11.60
381.66	3.90
381.92	9.30
382.19	5.90
382.45	1.20
382.71	5.90
382.98	2.80
383.24	11.10
383.51	14.10
383.77	10.60
384.04	0.80
384.30	16.30
384.56	9.60
384.83	7.60
385.09	6.60
385.36	15.90
385.62	8.70
385.89	6.80
386.15	2.60
386.41	8.50
386.68	7.00
386.94	2.40
387.21	8.40
387.47	17.40
387.74	9.50
388.00	10.50
388.26	14.90
388.53	7.00
388.79	2.10
389.06	5.80
389.32	3.30
389.58	7.80
389.85	11.90
390.11	5.50
390.38	7.90
390.64	11.00
390.90	8.60
391.17	11.40
391.43	5.30
391.70	9.50
391.96	15.00
392.23	9.70
392.49	16.10
392.75	9.00
393.02	3.30
393.28	11.50
393.55	2.50
393.81	6.50
394.07	3.40
394.34	1.30
394.60	6.10
394.87	15.40
395.13	11.00
395.39	8.20
395.66	6.10
395.92	7.70
396.18	1.30
396.45	6.20
396.71	11.80
396.98	13.20
397.24	-2.20
397.50	-0.50
397.77	-2.70
398.03	3.90
398.30	4.90
398.56	-3.60
398.82	10.40
399.09	17.70
399.35	12.70
399.62	6.30
399.88	4.20
400.14	8.50
400.41	5.80
400.67	6.00
400.93	7.10
401.20	9.80
401.46	11.00
401.73	5.60
401.99	3.40
402.25	13.50
402.52	13.10
402.78	7.30
403.04	1.40
403.31	6.10
403.57	5.60
403.84	3.10
404.10	15.90
404.36	48.70
404.63	10.40
404.89	5.30
405.15	8.50
405.42	9.00
405.68	0.00
405.94	1.60
406.21	3.30
406.47	9.40
406.74	3.00
407.00	3.70
407.26	5.60
407.53	10.50
407.79	5.30
408.05	-2.00
408.32	9.00
408.58	17.10
408.84	10.10
409.11	10.40
409.37	14.90
409.63	13.90
409.90	15.00
410.16	2.60
410.42	6.80
410.69	9.10
410.95	4.00
411.22	5.90
411.48	7.60
411.74	7.80
412.01	5.90
412.27	4.90
412.53	9.70
412.80	9.20
413.06	6.00
413.32	6.90
413.59	12.90
413.85	10.70
414.11	3.10
414.38	6.60
414.64	6.10
414.90	8.60
415.17	0.20
415.43	7.90
415.69	11.10
415.96	11.90
416.22	13.70
416.48	5.30
416.75	9.00
417.01	18.00
417.27	8.90
417.54	1.90
417.80	4.00
418.06	6.50
418.33	-3.10
418.59	0.20
418.85	3.60
419.12	14.40
419.38	15.60
419.64	9.70
419.91	5.70
420.17	12.70
420.43	6.30
420.69	8.80
420.96	5.90
421.22	9.50
421.48	9.80
421.75	5.60
422.01	7.60
422.27	16.00
422.54	11.90
422.80	4.30
423.06	4.50
423.33	15.00
423.59	0.30
423.85	2.70
424.11	3.00
424.38	11.60
424.64	3.50
424.90	5.30
425.17	5.20
425.43	15.10
425.69	17.70
425.96	9.00
426.22	7.10
426.48	16.60
426.75	10.20
427.01	3.50
427.27	-0.20
427.53	10.90
427.80	7.60
428.06	6.90
428.32	1.50
428.59	5.70
428.85	9.50
429.11	4.60
429.37	7.10
429.64	10.00
429.90	1.90
430.16	0.80
430.43	6.50
430.69	4.90
430.95	8.40
431.21	-2.10
431.48	13.70
431.74	19.40
432.00	3.60
432.27	2.00
432.53	11.90
432.79	13.70
433.05	10.80
433.32	7.50
433.58	4.40
433.84	5.60
434.11	10.60
434.37	9.70
434.63	5.80
434.89	15.00
435.16	12.80
435.42	1.90
435.68	6.00
435.94	6.10
436.21	7.50
436.47	13.10
436.73	7.10
436.99	8.20
437.26	7.00
437.52	6.80
437.78	5.10
438.05	10.90
438.31	3.40
438.57	10.00
438.83	12.20
439.10	13.40
439.36	8.90
439.62	4.80
439.88	3.70
440.15	17.10
440.41	13.40
440.67	5.30
440.93	2.90
441.20	9.50
441.46	7.10
441.72	3.90
441.98	0.10
442.25	5.30
442.51	5.50
442.77	9.40
443.03	14.40
443.30	11.60
443.56	9.70
443.82	15.20
444.08	9.00
444.35	10.20
444.61	8.40
444.87	14.70
445.13	5.50
445.40	3.50
445.66	1.40
445.92	3.80
446.18	-0.20
446.44	19.50
446.71	14.80
446.97	6.00
447.23	4.50
447.49	3.70
447.76	3.60
448.02	8.10
448.28	3.10
448.54	13.70
448.81	11.70
449.07	1.30
449.33	7.10
449.59	10.20
449.85	11.10
450.12	3.30
450.38	2.60
450.64	9.10
450.90	12.90
451.17	6.10
451.43	2.10
451.69	8.10
451.95	5.50
452.21	4.10
452.48	6.20
452.74	7.20
453.00	4.80
453.26	4.80
453.53	5.10
453.79	-0.50
454.05	15.90
454.31	12.40
454.57	9.20
454.84	6.00
455.10	-1.80
455.36	-0.20
455.62	4.60
455.88	7.10
456.15	9.00
456.41	5.40
456.67	8.80
456.93	6.00
457.19	5.60
457.46	4.60
457.72	5.30
457.98	18.30
458.24	2.70
458.50	-0.30
458.77	4.90
459.03	7.50
459.29	9.80
459.55	6.90
459.81	5.50
460.08	3.10
460.34	8.20
460.60	0.90
460.86	2.30
461.12	5.50
461.39	-3.00
461.65	2.00
461.91	6.80
462.17	13.90
462.43	1.40
462.69	9.50
462.96	1.40
463.22	4.20
463.48	10.20
463.74	4.60
464.00	16.20
464.27	16.30
464.53	0.30
464.79	2.70
465.05	6.30
465.31	11.10
465.57	11.00
465.84	6.70
466.10	9.30
466.36	10.20
466.62	8.40
466.88	10.50
467.14	8.00
467.41	12.50
467.67	13.80
467.93	8.10
468.19	11.20
468.45	11.00
468.71	13.00
468.98	0.30
469.24	15.30
469.50	7.30
469.76	7.50
470.02	4.40
470.28	5.40
470.55	18.50
470.81	7.10
471.07	8.30
471.33	3.70
471.59	9.60
471.85	11.60
472.11	3.40
472.38	13.60
472.64	9.80
472.90	7.90
473.16	1.40
473.42	12.90
473.68	11.80
473.95	10.60
474.21	8.30
474.47	11.30
474.73	9.70
474.99	6.00
475.25	6.10
475.51	5.30
475.78	13.00
476.04	13.30
476.30	11.50
476.56	8.30
476.82	8.00
477.08	11.50
477.34	0.70
477.61	0.30
477.87	4.20
478.13	8.50
478.39	3.30
478.65	3.60
478.91	5.80
479.17	11.40
479.43	8.60
479.70	5.80
479.96	1.30
480.22	-4.20
480.48	0.10
480.74	3.70
481.00	7.10
481.26	11.90
481.52	10.20
481.79	4.30
482.05	4.50
482.31	12.00
482.57	9.00
482.83	11.90
483.09	10.90
483.35	3.20
483.61	6.10
483.88	7.00
484.14	8.80
484.40	6.10
484.66	2.90
484.92	4.40
485.18	8.40
485.44	15.40
485.70	9.20
485.96	17.90
486.23	18.50
486.49	13.70
486.75	9.80
487.01	16.50
487.27	10.10
487.53	11.00
487.79	1.10
488.05	7.90
488.31	10.70
488.57	-1.50
488.84	11.10
489.10	12.00
489.36	7.50
489.62	9.40
489.88	9.20
490.14	9.00
490.40	13.10
490.66	13.30
490.92	8.70
491.18	13.10
491.44	16.50
491.71	9.20
491.97	10.90
492.23	9.80
492.49	8.30
492.75	11.40
493.01	7.60
493.27	8.40
493.53	15.70
493.79	0.20
494.05	1.60
494.31	6.50
494.58	8.40
494.84	10.30
495.10	12.60
495.36	9.50
495.62	17.50
495.88	7.60
496.14	9.30
496.40	6.20
496.66	6.50
496.92	9.00
497.18	8.30
497.44	7.50
497.70	-0.60
497.96	0.70
498.23	5.30
498.49	7.10
498.75	15.70
499.01	13.70
499.27	1.50
499.53	4.00
499.79	3.00
500.05	9.00
500.31	12.10
500.57	8.20
500.83	12.10
501.09	6.70
501.35	5.50
501.61	14.60
501.87	20.20
502.13	7.90
502.40	5.60
502.66	6.30
502.92	16.00
503.18	12.70
503.44	13.60
503.70	6.40
503.96	9.20
504.22	12.30
504.48	10.20
504.74	8.80
505.00	18.80
505.26	19.50
505.52	5.00
505.78	2.30
506.04	10.00
506.30	12.80
506.56	-0.10
506.82	0.40
507.08	0.20
507.34	6.60
507.60	6.60
507.86	11.70
508.13	12.10
508.39	2.70
508.65	1.90
508.91	2.10
509.17	2.50
509.43	3.00
509.69	3.60
509.95	9.90
510.21	5.90
510.47	2.70
510.73	3.80
510.99	-0.60
511.25	4.90
511.51	4.90
511.77	-0.20
512.03	3.50
512.29	12.20
512.55	13.00
512.81	4.30
513.07	0.10
513.33	1.00
513.59	4.80
513.85	7.10
514.11	1.20
514.37	4.10
514.63	6.40
514.89	4.10
515.15	-2.00
515.41	16.40
515.67	12.80
515.93	7.30
516.19	8.60
516.45	10.40
516.71	6.90
516.97	-4.70
517.23	5.60
517.49	19.20
517.75	6.60
518.01	0.80
518.27	8.40
518.53	4.20
518.79	2.30
519.05	11.20
519.31	9.10
519.57	13.00
519.83	9.50
520.09	1.80
520.35	11.50
520.61	11.30
520.87	4.70
521.13	7.30
521.39	9.70
521.65	10.30
521.91	6.50
522.17	-0.70
522.43	1.90
522.69	11.40
522.95	5.70
523.21	0.80
523.47	10.50
523.73	11.90
523.99	6.30
524.25	4.50
524.51	11.80
524.77	16.90
525.03	6.60
525.29	1.00
525.55	5.60
525.81	5.40
526.07	3.20
526.33	0.60
526.59	8.40
526.85	5.10
527.11	15.90
527.37	7.10
527.63	9.30
527.89	10.20
528.15	13.20
528.41	9.70
528.67	10.10
528.93	10.80
529.19	10.30
529.45	2.80
529.71	5.40
529.96	4.10
530.22	5.50
530.48	4.80
530.74	9.10
531.00	7.00
531.26	13.00
531.52	9.00
531.78	6.10
532.04	11.00
532.30	6.80
532.56	7.20
532.82	14.90
533.08	6.70
533.34	9.70
533.60	4.90
533.86	11.30
534.12	15.70
534.38	19.50
534.64	1.50
534.90	7.30
535.16	12.60
535.42	7.40
535.67	9.90
535.93	10.90
536.19	4.90
536.45	-3.40
536.71	4.20
536.97	7.80
537.23	6.90
537.49	0.90
537.75	7.10
538.01	11.50
538.27	17.30
538.53	12.10
538.79	3.60
539.05	7.50
539.31	8.80
539.57	14.80
539.82	5.80
540.08	7.60
540.34	15.60
540.60	6.70
540.86	4.50
541.12	10.50
541.38	12.00
541.64	6.80
541.90	4.80
542.16	3.00
542.42	9.20
542.68	12.80
542.94	9.20
543.19	3.90
543.45	8.30
543.71	6.30
543.97	3.30
544.23	2.30
544.49	8.80
544.75	6.90
545.01	1.50
545.27	4.90
545.53	14.80
545.79	11.50
546.05	9.70
546.30	9.90
546.56	18.40
546.82	7.50
547.08	-0.30
547.34	6.00
547.60	7.00
547.86	8.10
548.12	6.70
548.38	7.70
548.64	3.90
548.89	-0.50
549.15	3.90
549.41	6.90
549.67	6.60
549.93	-0.70
550.19	4.50
550.45	12.70
550.71	21.70
550.97	18.70
551.23	5.90
551.48	6.80
551.74	10.00
552.00	10.40
552.26	12.50
552.52	17.30
552.78	17.80
553.04	6.60
553.30	4.80
553.56	1.00
553.81	3.50
554.07	5.40
554.33	6.20
554.59	2.60
554.85	-5.10
555.11	0.80
555.37	6.60
555.63	20.80
555.88	13.80
556.14	0.90
556.40	-1.50
556.66	10.40
556.92	10.50
557.18	9.00
557.44	4.10
557.70	1.70
557.95	15.40
558.21	4.80
558.47	6.10
558.73	8.90
558.99	10.80
559.25	17.40
559.51	9.30
559.76	11.20
560.02	14.70
560.28	6.40
560.54	4.20
560.80	7.40
561.06	0.20
561.32	3.80
561.58	3.40
561.83	10.20
562.09	10.60
562.35	3.50
562.61	8.70
562.87	13.00
563.13	16.30
563.38	10.30
563.64	6.00
563.90	12.80
564.16	6.10
564.42	-2.40
564.68	5.40
564.94	10.70
565.19	6.40
565.45	-1.10
565.71	5.30
565.97	3.40
566.23	15.20
566.49	9.00
566.74	9.70
567.00	8.20
567.26	9.30
567.52	5.80
567.78	10.40
568.04	12.00
568.29	8.80
568.55	3.80
568.81	2.30
569.07	7.80
569.33	6.90
569.59	12.20
569.84	8.90
570.10	4.50
570.36	5.00
570.62	9.40
570.88	8.30
571.14	15.80
571.39	19.20
571.65	10.10
571.91	4.20
572.17	15.00
572.43	7.70
572.69	4.90
572.94	-1.60
573.20	9.10
573.46	11.30
573.72	0.10
573.98	7.00
574.23	3.30
574.49	14.50
574.75	-5.10
575.01	1.00
575.27	1.40
575.53	11.80
575.78	13.00
576.04	6.90
576.30	-0.10
576.56	-0.90
576.82	11.50
577.07	8.00
577.33	19.70
577.59	16.50
577.85	8.90
578.11	10.60
578.36	9.10
578.62	13.50
578.88	14.60
579.14	14.60
579.40	7.10
579.65	12.90
579.91	2.70
580.17	6.20
580.43	18.90
580.69	15.90
580.94	16.50
581.20	14.10
581.46	8.50
581.72	8.90
581.97	6.60
582.23	12.20
582.49	11.30
582.75	9.80
583.01	9.20
583.26	8.20
583.52	12.50
583.78	12.80
584.04	4.60
584.30	12.30
584.55	7.50
584.81	3.10
585.07	7.00
585.33	-1.90
585.58	5.90
585.84	12.60
586.10	5.40
586.36	7.20
586.61	3.10
586.87	9.60
587.13	7.50
587.39	7.40
587.65	6.80
587.90	12.40
588.16	9.30
588.42	6.40
588.68	9.20
588.93	5.20
589.19	7.50
589.45	10.40
589.71	5.10
589.96	17.70
590.22	18.30
590.48	9.40
590.74	9.60
590.99	13.40
591.25	8.00
591.51	10.90
591.77	12.30
592.02	10.00
592.28	8.10
592.54	10.70
592.80	13.20
593.05	9.80
593.31	8.00
593.57	5.50
593.83	10.20
594.08	13.10
594.34	8.20
594.60	3.90
594.86	1.70
595.11	9.60
595.37	10.40
595.63	13.60
595.89	15.70
596.14	8.20
596.40	-0.20
596.66	2.70
596.92	8.40
597.17	15.10
597.43	9.10
597.69	4.50
597.95	9.60
598.20	14.30
598.46	14.90
598.72	12.20
598.97	14.10
599.23	8.50
599.49	-1.60
599.75	5.90
600.00	6.30
600.26	-12.50
600.52	5.10
600.78	8.40
601.03	7.80
601.29	15.20
601.55	7.70
601.80	5.90
602.06	10.40
602.32	11.00
602.58	11.60
602.83	6.10
603.09	6.30
603.35	11.90
603.60	13.30
603.86	3.80
604.12	11.30
604.38	7.70
604.63	5.60
604.89	7.70
605.15	13.30
605.40	15.20
605.66	10.30
605.92	12.80
606.18	9.40
606.43	4.70
606.69	8.80
606.95	11.50
607.20	8.30
607.46	17.30
607.72	16.20
607.97	9.30
608.23	8.50
608.49	7.30
608.75	7.40
609.00	8.90
609.26	9.40
609.52	15.70
609.77	9.50
610.03	4.80
610.29	15.80
610.54	14.70
610.80	3.70
611.06	7.90
611.31	7.80
611.57	13.20
611.83	16.30
612.08	7.50
612.34	-1.40
612.60	8.90
612.86	11.40
613.11	5.80
613.37	2.00
613.63	9.50
613.88	12.70
614.14	9.50
614.40	21.30
614.65	8.90
614.91	7.00
615.17	10.90
615.42	8.30
615.68	17.60
615.94	5.90
616.19	5.70
616.45	7.90
616.71	9.40
616.96	3.60
617.22	5.70
617.48	10.30
617.73	3.20
617.99	10.80
618.25	1.80
618.50	8.80
618.76	13.00
619.02	11.00
619.27	8.10
619.53	9.40
619.79	-0.20
620.04	4.10
620.30	8.50
620.56	2.10
620.81	11.70
621.07	15.60
621.32	5.60
621.58	5.20
621.84	12.60
622.09	16.20
622.35	10.20
622.61	3.70
622.86	19.70
623.12	13.70
623.38	11.80
623.63	16.50
623.89	20.70
624.15	11.10
624.40	4.30
624.66	7.80
624.92	9.80
625.17	3.40
625.43	7.10
625.68	11.40
625.94	17.10
626.20	5.50
626.45	5.70
626.71	8.10
626.97	9.10
627.22	7.20
627.48	15.30
627.73	10.10
627.99	9.10
628.25	14.40
628.50	9.50
628.76	5.80
629.02	12.00
629.27	14.40
629.53	12.40
629.78	10.80
630.04	14.50
630.30	6.60
630.55	13.10
630.81	15.30
631.07	15.70
631.32	19.10
631.58	17.90
631.83	17.50
632.09	14.20
632.35	16.30
632.60	5.80
632.86	4.40
633.11	10.40
633.37	4.70
633.63	6.40
633.88	2.20
634.14	4.60
634.40	-0.80
634.65	5.20
634.91	15.00
635.16	7.10
635.42	4.60
635.68	1.80
635.93	7.50
636.19	11.90
636.44	18.20
636.70	12.70
636.96	6.60
637.21	9.70
637.47	13.70
637.72	11.80
637.98	8.50
638.23	10.00
638.49	6.60
638.75	4.20
639.00	9.60
639.26	9.70
639.51	5.50
639.77	4.40
640.03	7.70
640.28	10.20
640.54	5.00
640.79	1.90
641.05	9.90
641.30	17.60
641.56	21.60
641.82	13.40
642.07	17.20
642.33	15.60
642.58	0.30
642.84	10.00
643.10	9.20
643.35	4.90
643.61	16.50
643.86	17.60
644.12	13.50
644.37	19.50
644.63	10.90
644.89	8.20
645.14	6.00
645.40	11.60
645.65	8.90
645.91	3.40
646.16	1.20
646.42	3.50
646.67	6.80
646.93	16.70
647.19	16.60
647.44	4.20
647.70	1.80
647.95	7.10
648.21	10.30
648.46	11.00
648.72	4.60
648.97	10.30
649.23	11.30
649.49	8.70
649.74	9.50
650.00	12.40
650.25	16.80
650.51	9.00
650.76	3.10
651.02	0.60
651.27	12.20
651.53	7.80
651.79	12.40
652.04	18.50
652.30	7.90
652.55	14.70
652.81	8.20
653.06	11.60
653.32	7.70
653.57	10.50
653.83	14.30
654.08	11.70
654.34	11.80
654.59	0.20
654.85	10.20
655.10	19.30
655.36	10.90
655.62	5.00
655.87	6.90
656.13	9.00
656.38	15.30
656.64	12.90
656.89	8.50
657.15	11.70
657.40	18.80
657.66	21.80
657.91	8.20
658.17	12.70
658.42	11.60
658.68	22.50
658.93	13.10
659.19	9.30
659.44	10.40
659.70	17.10
659.95	19.90
660.21	9.70
660.46	5.00
660.72	4.70
660.97	9.50
661.23	6.90
661.48	17.60
661.74	16.20
661.99	12.40
662.25	12.50
662.51	9.80
662.76	18.60
663.02	7.10
663.27	14.60
663.53	20.80
663.78	19.10
664.04	14.10
664.29	14.50
664.55	12.60
664.80	14.20
665.06	17.30
665.31	18.30
665.56	15.70
665.82	23.50
666.07	19.90
666.33	15.50
666.58	18.10
666.84	22.90
667.09	8.80
667.35	18.20
667.60	15.10
667.86	14.90
668.11	13.10
668.37	11.00
668.62	14.90
668.88	16.20
669.13	18.50
669.39	17.90
669.64	19.40
669.90	10.70
670.15	12.20
670.41	16.10
670.66	14.50
670.92	17.00
671.17	9.90
671.43	10.40
671.68	15.60
671.94	14.10
672.19	13.50
672.44	17.00
672.70	14.20
672.95	18.50
673.21	14.60
673.46	14.70
673.72	12.80
673.97	23.00
674.23	11.20
674.48	11.80
674.74	14.50
674.99	20.50
675.25	17.40
675.50	14.80
675.75	13.50
676.01	14.80
676.26	17.10
676.52	12.40
676.77	10.40
677.03	15.60
677.28	14.70
677.54	14.90
677.79	10.30
678.05	13.60
678.30	8.50
678.55	7.90
678.81	19.70
679.06	12.20
679.32	18.90
679.57	10.40
679.83	17.60
680.08	24.70
680.34	12.10
680.59	9.60
680.84	12.10
681.10	15.40
681.35	15.30
681.61	13.30
681.86	16.60
682.12	25.80
682.37	19.90
682.62	15.30
682.88	16.70
683.13	14.10
683.39	19.50
683.64	16.10
683.90	16.20
684.15	20.80
684.40	21.30
684.66	16.20
684.91	10.60
685.17	17.40
685.42	21.30
685.68	27.00
685.93	16.80
686.18	15.00
686.44	17.50
686.69	15.40
686.95	14.10
687.20	17.20
687.46	19.30
687.71	19.90
687.96	18.90
688.22	16.90
688.47	16.30
688.73	13.10
688.98	14.50
689.23	21.50
689.49	18.10
689.74	15.60
690.00	15.90
690.25	15.50
690.50	16.70
690.76	20.90
691.01	23.80
691.27	29.30
691.52	15.10
691.77	19.60
692.03	23.70
692.28	28.50
692.54	22.20
692.79	15.20
693.04	20.40
693.30	25.30
693.55	17.50
693.81	15.90
694.06	16.40
694.31	20.30
694.57	19.30
694.82	18.00
695.08	17.50
695.33	24.50
695.58	19.20
695.84	24.40
696.09	15.60
696.34	24.30
696.60	24.40
696.85	20.50
697.11	26.50
697.36	32.60
697.61	26.20
697.87	26.10
698.12	27.70
698.37	35.10
698.63	19.60
698.88	16.10
699.14	19.00
699.39	25.80
699.64	24.70
699.90	21.90
700.15	17.20
700.40	20.10
700.66	19.10
700.91	21.10
701.17	24.60
701.42	27.70
701.67	22.50
701.93	14.90
702.18	22.20
702.43	29.60
702.69	19.70
702.94	12.90
703.19	22.50
703.45	25.00
703.70	26.10
703.95	32.70
704.21	33.70
704.46	36.80
704.72	23.80
704.97	22.80
705.22	23.70
705.48	27.50
705.73	26.20
705.98	25.40
706.24	27.40
706.49	32.50
706.74	33.30
707.00	33.50
707.25	35.60
707.50	50.20
707.76	30.20
708.01	30.10
708.26	36.90
708.52	30.40
708.77	32.20
709.02	26.30
709.28	36.90
709.53	35.70
709.78	33.60
710.04	39.60
710.29	34.10
710.54	36.20
710.80	34.80
711.05	32.00
711.30	30.30
711.56	21.90
711.81	30.60
712.06	31.20
712.32	29.40
712.57	39.10
712.82	42.90
713.08	33.40
713.33	41.00
713.58	42.50
713.84	39.30
714.09	40.80
714.34	39.20
714.59	37.90
714.85	36.70
715.10	39.90
715.35	37.50
715.61	38.30
715.86	33.90
716.11	29.30
716.37	40.90
716.62	43.90
716.87	39.30
717.13	36.20
717.38	45.20
717.63	44.70
717.89	39.70
718.14	37.30
718.39	36.60
718.64	35.50
718.90	39.80
719.15	39.00
719.40	44.50
719.66	45.40
719.91	47.20
720.16	37.00
720.41	36.70
720.67	49.60
720.92	46.60
721.17	46.50
721.43	46.00
721.68	40.70
721.93	40.40
722.19	43.60
722.44	47.60
722.69	58.00
722.94	52.50
723.20	46.40
723.45	41.40
723.70	50.30
723.95	49.70
724.21	48.00
724.46	47.70
724.71	44.60
724.97	45.90
725.22	44.70
725.47	46.10
725.72	58.80
725.98	45.40
726.23	44.60
726.48	45.60
726.74	56.00
726.99	47.60
727.24	46.60
727.49	56.30
727.75	54.30
728.00	51.40
728.25	52.10
728.50	54.00
728.76	51.20
729.01	54.60
729.26	52.50
729.51	62.80
729.77	57.50
730.02	45.50
730.27	40.40
730.52	49.60
730.78	46.80
731.03	49.30
731.28	58.40
731.53	57.80
731.79	52.30
732.04	54.10
732.29	61.30
732.54	59.00
732.80	63.40
733.05	60.90
733.30	63.10
733.55	64.20
733.81	66.80
734.06	58.10
734.31	57.20
734.56	57.60
734.82	51.10
735.07	51.50
735.32	57.20
735.57	60.80
735.83	60.30
736.08	62.40
736.33	60.30
736.58	61.90
736.84	63.40
737.09	58.90
737.34	55.80
737.59	53.10
737.84	57.20
738.10	58.20
738.35	62.70
738.60	62.20
738.85	62.00
739.11	58.20
739.36	55.80
739.61	68.60
739.86	67.50
740.11	66.40
740.37	54.60
740.62	64.70
740.87	69.00
741.12	67.10
741.38	61.50
741.63	61.30
741.88	61.70
742.13	60.10
742.38	66.70
742.64	69.60
742.89	73.50
743.14	61.10
743.39	55.20
743.64	69.00
743.90	81.30
744.15	70.50
744.40	69.70
744.65	64.00
744.90	72.70
745.16	67.20
745.41	66.90
745.66	67.60
745.91	68.60
746.16	68.60
746.42	67.30
746.67	63.00
746.92	73.60
747.17	67.10
747.42	74.30
747.68	78.70
747.93	88.00
748.18	78.20
748.43	66.70
748.68	66.50
748.94	66.50
749.19	75.00
749.44	80.20
749.69	77.40
749.94	82.80
750.19	79.10
750.45	78.40
750.70	79.70
750.95	77.80
751.20	83.30
751.45	78.70
751.71	74.70
751.96	75.00
752.21	79.00
752.46	70.20
752.71	79.40
752.96	87.60
753.22	84.50
753.47	77.10
753.72	80.10
753.97	77.30
754.22	79.90
754.47	83.20
754.73	80.70
754.98	84.00
755.23	82.60
755.48	79.50
755.73	85.00
755.98	91.80
756.24	85.60
756.49	82.60
756.74	85.20
756.99	84.90
757.24	81.50
757.49	88.50
757.74	91.80
758.00	88.70
758.25	88.10
758.50	87.50
758.75	85.10
759.00	93.10
759.25	90.00
759.51	87.00
759.76	87.70
760.01	93.20
760.26	93.90
760.51	83.40
760.76	91.50
761.01	98.20
761.27	91.60
761.52	88.70
761.77	92.50
762.02	89.70
762.27	92.00
762.52	92.00
762.77	92.50
763.02	104.30
763.28	108.70
763.53	103.10
763.78	98.10
764.03	100.60
764.28	97.70
764.53	109.80
764.78	106.70
765.03	105.00
765.29	110.00
765.54	102.80
765.79	107.20
766.04	114.40
766.29	111.90
766.54	111.60
766.79	109.80
767.04	114.50
767.30	110.70
767.55	111.60
767.80	114.10
768.05	107.00
768.30	115.30
768.55	112.20
768.80	111.80
769.05	114.50
769.30	118.50
769.56	113.70
769.81	117.60
770.06	120.90
770.31	124.40
770.56	117.70
770.81	117.90
771.06	126.80
771.31	126.40
771.56	124.10
771.82	120.80
772.07	129.80
772.32	130.90
772.57	132.70
772.82	130.10
773.07	131.20
773.32	128.00
773.57	135.20
773.82	135.30
774.07	138.80
774.32	130.20
774.58	135.20
774.83	134.00
775.08	133.40
775.33	144.50
775.58	146.30
775.83	142.40
776.08	145.40
776.33	136.30
776.58	140.30
776.83	143.10
777.08	139.20
777.33	144.90
777.59	152.20
777.84	149.20
778.09	158.40
778.34	149.20
778.59	148.60
778.84	151.10
779.09	163.30
779.34	155.60
779.59	150.10
779.84	149.50
780.09	158.00
780.34	161.10
780.59	151.90
780.84	160.10
781.10	163.10
781.35	152.20
781.60	154.00
781.85	163.30
782.10	164.00
782.35	165.30
782.60	154.50
782.85	160.10
783.10	172.50
783.35	170.80
783.60	163.90
783.85	166.70
784.10	173.90
784.35	176.50
784.60	169.40
784.85	172.50
785.10	172.20
785.35	165.70
785.61	173.20
785.86	179.50
786.11	183.80
786.36	174.50
786.61	170.10
786.86	173.80
787.11	174.50
787.36	176.10
787.61	176.50
787.86	186.30
788.11	179.40
788.36	183.10
788.61	183.50
788.86	184.00
789.11	185.00
789.36	188.30
789.61	184.80
789.86	190.60
790.11	196.60
790.36	194.00
790.61	191.70
790.86	186.20
791.11	205.20
791.36	191.50
791.61	188.10
791.86	201.20
792.11	206.60
792.36	204.70
792.61	198.70
792.86	190.70
793.11	192.40
793.36	193.40
793.61	201.30
793.87	198.50
794.12	207.20
794.37	193.20
794.62	188.50
794.87	196.30
795.12	206.20
795.37	200.20
795.62	200.40
795.87	195.90
796.12	199.60
796.37	204.90
796.62	204.70
796.87	207.30
797.12	196.60
797.37	199.30
797.62	209.00
797.87	207.00
798.12	200.70
798.37	199.20
798.62	198.90
798.87	202.60
799.12	212.50
799.37	206.70
799.62	210.40
799.87	210.70
800.12	197.90
800.37	197.60
800.62	202.80
800.87	204.00
801.12	216.10
801.37	207.00
801.61	208.40
801.86	209.50
802.11	215.40
802.36	216.60
802.61	209.70
802.86	207.30
803.11	212.40
803.36	210.80
803.61	202.20
803.86	207.70
804.11	211.70
804.36	212.00
804.61	210.80
804.86	206.90
805.11	207.30
805.36	214.40
805.61	199.80
805.86	207.30
806.11	199.80
806.36	205.30
806.61	207.10
806.86	209.10
807.11	212.50
807.36	212.20
807.61	205.00
807.86	212.30
808.11	220.90
808.36	216.30
808.61	212.60
808.86	212.00
809.11	218.20
809.36	211.00
809.60	204.90
809.85	217.80
810.10	208.70
810.35	209.90
810.60	207.70
810.85	207.00
811.10	211.90
811.35	215.60
811.60	208.10
811.85	213.90
812.10	211.70
812.35	206.50
812.60	215.20
812.85	205.70
813.10	216.80
813.35	215.00
813.60	211.40
813.85	221.90
814.09	218.80
814.34	210.10
814.59	203.40
814.84	213.90
815.09	221.20
815.34	224.70
815.59	213.20
815.84	214.90
816.09	218.40
816.34	211.80
816.59	211.50
816.84	212.60
817.09	226.40
817.34	222.10
817.58	219.00
817.83	219.00
818.08	223.20
818.33	219.50
818.58	218.70
818.83	218.20
819.08	225.90
819.33	217.20
819.58	216.60
819.83	207.40
820.08	213.50
820.33	222.60
820.57	214.70
820.82	218.20
821.07	212.90
821.32	215.10
821.57	208.90
821.82	210.40
822.07	217.80
822.32	215.50
822.57	222.50
822.82	218.40
823.07	222.10
823.31	219.70
823.56	219.60
823.81	221.40
824.06	222.90
824.31	223.00
824.56	207.90
824.81	222.30
825.06	218.10
825.31	216.90
825.55	221.10
825.80	229.80
826.05	229.90
826.30	215.90
826.55	218.40
826.80	229.50
827.05	235.30
827.30	222.60
827.55	228.80
827.79	228.00
828.04	227.20
828.29	228.00
828.54	237.40
828.79	236.40
829.04	239.10
829.29	238.70
829.54	233.40
829.78	226.60
830.03	226.10
830.28	233.00
830.53	235.50
830.78	238.20
831.03	240.40
831.28	237.00
831.53	231.90
831.77	229.80
832.02	246.70
832.27	244.10
832.52	246.60
832.77	242.80
833.02	239.30
833.27	242.70
833.51	243.50
833.76	243.80
834.01	240.20
834.26	241.70
834.51	247.10
834.76	244.40
835.01	244.00
835.25	238.80
835.50	250.20
835.75	246.70
836.00	252.50
836.25	249.80
836.50	242.40
836.75	250.70
836.99	263.60
837.24	258.40
837.49	256.60
837.74	250.40
837.99	244.50
838.24	244.20
838.48	252.80
838.73	262.00
838.98	265.60
839.23	256.30
839.48	257.10
839.73	262.60
839.97	268.10
840.22	271.40
840.47	270.70
840.72	267.50
840.97	268.30
841.22	270.80
841.46	271.60
841.71	261.90
841.96	264.80
842.21	269.20
842.46	285.30
842.71	278.10
842.95	277.00
843.20	278.40
843.45	272.70
843.70	278.20
843.95	287.10
844.20	280.80
844.44	277.30
844.69	282.90
844.94	282.00
845.19	285.20
845.44	285.80
845.68	293.90
845.93	295.20
846.18	288.20
846.43	294.10
846.68	290.60
846.92	300.70
847.17	297.20
847.42	291.20
847.67	288.40
847.92	297.20
848.16	299.10
848.41	300.70
848.66	311.80
848.91	317.60
849.16	306.30
849.40	305.80
849.65	304.70
849.90	309.10
850.15	306.30
850.40	309.30
850.64	312.10
850.89	317.70
851.14	310.70
851.39	320.40
851.64	321.50
851.88	321.50
852.13	323.90
852.38	327.40
852.63	332.20
852.87	328.00
853.12	328.50
853.37	329.10
853.62	327.00
853.87	335.80
854.11	343.20
854.36	340.90
854.61	337.30
854.86	341.40
855.10	329.80
855.35	341.90
855.60	353.00
855.85	351.00
856.10	341.60
856.34	341.70
856.59	350.00
856.84	350.70
857.09	343.10
857.33	353.70
857.58	355.80
857.83	356.80
858.08	371.00
858.32	359.10
858.57	354.00
858.82	362.50
859.07	357.20
859.31	367.00
859.56	367.00
859.81	371.50
860.06	369.90
860.30	370.00
860.55	369.90
860.80	372.30
861.05	378.30
861.29	377.60
861.54	381.50
861.79	384.60
862.04	389.30
862.28	381.80
862.53	385.60
862.78	378.40
863.03	379.90
863.27	391.00
863.52	397.10
863.77	401.20
864.02	392.90
864.26	395.80
864.51	398.90
864.76	400.30
865.01	398.90
865.25	397.50
865.50	396.90
865.75	405.90
866.00	410.10
866.24	405.30
866.49	411.80
866.74	412.10
866.98	409.70
867.23	404.90
867.48	407.60
867.73	409.30
867.97	413.00
868.22	408.40
868.47	411.90
868.71	416.00
868.96	409.00
869.21	417.50
869.46	424.80
869.70	431.60
869.95	426.00
870.20	417.40
870.44	421.70
870.69	409.30
870.94	418.00
871.19	427.90
871.43	439.20
871.68	429.90
871.93	424.40
872.17	429.90
872.42	435.70
872.67	426.20
872.92	436.10
873.16	437.90
873.41	440.60
873.66	449.20
873.90	438.30
874.15	444.60
874.40	442.60
874.64	440.70
874.89	441.40
875.14	444.00
875.39	444.40
875.63	447.20
875.88	452.10
876.13	450.60
876.37	450.60
876.62	456.20
876.87	453.90
877.11	454.10
877.36	433.90
877.61	443.80
877.85	451.40
878.10	450.10
878.35	458.00
878.59	454.10
878.84	450.70
879.09	444.70
879.33	457.30
879.58	456.40
879.83	456.00
880.07	465.90
880.32	465.70
880.57	455.80
880.81	454.10
881.06	462.90
881.31	471.80
881.55	469.40
881.80	456.10
882.05	460.50
882.29	463.20
882.54	472.80
882.79	467.80
883.03	463.90
883.28	466.80
883.53	462.30
883.77	472.40
884.02	470.40
884.27	463.70
884.51	465.30
884.76	461.50
885.01	461.60
885.25	472.20
885.50	467.00
885.75	475.10
885.99	475.00
886.24	475.30
886.49	482.50
886.73	481.60
886.98	476.90
887.23	479.80
887.47	485.00
887.72	474.20
887.96	480.50
888.21	487.00
888.46	495.50
888.70	491.80
888.95	484.20
889.20	491.10
889.44	484.80
889.69	480.50
889.94	495.70
890.18	487.80
890.43	497.70
890.67	487.70
890.92	490.10
891.17	489.30
891.41	497.40
891.66	487.00
891.91	483.60
892.15	479.80
892.40	484.90
892.64	484.00
892.89	479.90
893.14	483.50
893.38	486.60
893.63	488.70
893.88	488.20
894.12	486.70
894.37	488.50
894.61	479.40
894.86	494.20
895.11	493.90
895.35	492.20
895.60	495.00
895.84	498.80
896.09	502.40
896.34	497.20
896.58	502.80
896.83	499.50
897.07	493.10
897.32	492.70
897.57	504.00
897.81	502.90
898.06	507.10
898.30	501.40
898.55	500.40
898.80	500.00
899.04	497.40
899.29	502.40
899.53	501.80
899.78	496.80
900.03	502.30
900.27	505.10
900.52	508.60
900.76	504.50
901.01	510.50
901.26	511.20
901.50	509.60
901.75	507.10
901.99	505.50
902.24	510.40
902.48	496.10
902.73	503.40
902.98	501.40
903.22	503.30
903.47	515.90
903.71	509.10
903.96	507.30
904.21	502.60
904.45	513.50
904.70	510.10
904.94	513.30
905.19	515.80
905.43	517.20
905.68	510.90
905.93	524.10
906.17	513.70
906.42	514.30
906.66	520.00
906.91	523.60
907.15	518.00
907.40	507.30
907.64	511.60
907.89	518.30
908.14	516.90
908.38	504.40
908.63	514.40
908.87	515.60
909.12	525.70
909.36	532.40
909.61	524.80
909.85	531.00
910.10	532.00
910.35	523.70
910.59	518.90
910.84	521.40
911.08	528.60
911.33	527.20
911.57	523.70
911.82	527.40
912.06	532.60
912.31	527.60
912.55	530.00
912.80	535.80
913.05	543.20
913.29	531.10
913.54	526.70
913.78	530.50
914.03	533.40
914.27	536.50
914.52	527.10
914.76	534.20
915.01	540.20
915.25	539.50
915.50	530.60
915.74	538.20
915.99	544.50
916.23	546.20
916.48	544.10
916.72	547.20
916.97	543.70
917.22	541.60
917.46	551.20
917.71	534.40
917.95	539.40
918.20	547.70
918.44	544.90
918.69	544.80
918.93	562.20
919.18	556.30
919.42	561.30
919.67	560.80
919.91	567.20
920.16	557.70
920.40	555.30
920.65	561.00
920.89	562.40
921.14	559.40
921.38	555.60
921.63	551.90
921.87	563.20
922.12	560.60
922.36	569.00
922.61	569.10
922.85	567.90
923.10	567.70
923.34	566.80
923.59	560.80
923.83	569.50
924.08	564.40
924.32	576.50
924.57	580.80
924.81	588.90
925.06	595.90
925.30	595.60
925.55	587.60
925.79	589.70
926.04	592.50
926.28	593.40
926.53	592.10
926.77	588.70
927.01	593.30
927.26	596.10
927.50	598.40
927.75	597.20
927.99	599.70
928.24	611.90
928.48	611.50
928.73	614.30
928.97	609.50
929.22	609.60
929.46	617.40
929.71	616.30
929.95	606.20
930.20	609.40
930.44	610.20
930.69	611.40
930.93	603.60
931.17	610.80
931.42	609.80
931.66	612.40
931.91	612.30
932.15	608.90
932.40	614.00
932.64	602.40
932.89	614.70
933.13	600.60
933.38	597.50
933.62	604.80
933.86	607.80
934.11	595.70
934.35	598.40
934.60	599.50
934.84	601.20
935.09	592.00
935.33	588.40
935.58	587.20
935.82	581.00
936.06	577.00
936.31	592.30
936.55	588.00
936.80	581.40
937.04	578.50
937.29	567.10
937.53	559.50
937.78	561.90
938.02	555.80
938.26	563.70
938.51	561.90
938.75	555.60
939.00	547.90
939.24	553.10
939.49	545.00
939.73	543.60
939.97	536.10
940.22	536.60
940.46	537.10
940.71	547.90
940.95	537.60
941.20	538.40
941.44	544.40
941.68	546.10
941.93	558.20
942.17	553.80
942.42	555.50
942.66	553.00
942.90	551.50
943.15	555.80
943.39	561.30
943.64	563.40
943.88	563.50
944.12	573.20
944.37	573.00
944.61	572.00
944.86	586.00
945.10	591.40
945.35	575.30
945.59	581.80
945.83	590.40
946.08	591.30
946.32	601.30
946.57	602.10
946.81	605.10
947.05	609.40
947.30	606.10
947.54	611.20
947.78	630.20
948.03	634.20
948.27	629.60
948.52	630.00
948.76	630.20
949.00	641.60
949.25	655.60
949.49	664.80
949.74	675.40
949.98	667.10
950.22	667.00
950.47	667.30
950.71	673.50
950.95	676.70
951.20	679.30
951.44	683.60
951.69	698.50
951.93	706.00
952.17	712.70
952.42	713.60
952.66	712.60
952.90	715.10
953.15	719.60
953.39	720.90
953.64	715.40
953.88	731.30
954.12	732.70
954.37	727.70
954.61	724.10
954.85	733.10
955.10	745.10
955.34	747.40
955.58	746.80
955.83	755.40
956.07	754.30
956.32	757.30
956.56	762.60
956.80	776.40
957.05	779.90
957.29	764.20
957.53	762.60
957.78	768.20
958.02	770.30
958.26	767.70
958.51	775.80
958.75	777.00
958.99	781.40
959.24	795.40
959.48	799.30
959.72	798.10
959.97	797.00
960.21	800.30
960.45	799.80
960.70	808.70
960.94	808.80
961.18	814.00
961.43	811.50
961.67	809.30
961.91	816.50
962.16	829.40
962.40	837.30
962.64	828.10
962.89	823.10
963.13	821.50
963.37	842.80
963.62	838.10
963.86	842.10
964.10	841.30
964.35	837.80
964.59	837.40
964.83	846.50
965.08	840.90
965.32	838.90
965.56	839.70
965.81	842.80
966.05	848.40
966.29	851.10
966.54	849.00
966.78	863.80
967.02	866.40
967.27	871.80
967.51	869.00
967.75	869.30
967.99	856.60
968.24	862.50
968.48	873.10
968.72	865.10
968.97	866.50
969.21	864.00
969.45	864.00
969.70	863.20
969.94	864.80
970.18	859.20
970.42	854.70
970.67	858.40
970.91	849.30
971.15	850.80
971.40	869.10
971.64	868.00
971.88	857.50
972.12	849.10
972.37	862.60
972.61	855.10
972.85	850.20
973.10	846.70
973.34	854.90
973.58	856.10
973.82	857.80
974.07	855.70
974.31	858.10
974.55	854.90
974.80	852.20
975.04	849.20
975.28	845.90
975.52	853.60
975.77	849.50
976.01	846.00
976.25	854.10
976.50	852.50
976.74	847.20
976.98	851.40
977.22	858.00
977.47	842.50
977.71	827.80
977.95	831.40
978.19	841.50
978.44	829.20
978.68	835.60
978.92	814.30
979.16	815.70
979.41	823.40
979.65	823.00
979.89	825.70
980.13	813.90
980.38	809.80
980.62	819.60
980.86	824.70
981.10	820.60
981.35	812.50
981.59	808.70
981.83	808.00
982.07	806.50
982.32	813.20
982.56	791.00
982.80	788.50
983.04	793.40
983.29	793.30
983.53	785.00
983.77	789.80
984.01	783.50
984.26	787.20
984.50	768.80
984.74	785.80
984.98	781.70
985.23	768.70
985.47	761.50
985.71	764.60
985.95	769.60
986.19	770.30
986.44	766.50
986.68	759.00
986.92	751.50
987.16	755.00
987.41	739.70
987.65	739.60
987.89	736.20
988.13	735.50
988.37	728.40
988.62	731.50
988.86	721.10
989.10	726.40
989.34	716.70
989.59	709.60
989.83	712.00
990.07	718.90
990.31	710.00
990.55	704.30
990.80	709.80
991.04	712.80
991.28	713.00
991.52	689.40
991.76	679.90
992.01	679.00
992.25	677.40
992.49	674.40
992.73	676.70
992.97	666.90
993.22	660.50
993.46	667.50
993.70	659.00
993.94	663.50
994.18	653.20
994.43	637.20
994.67	645.50
994.91	657.90
995.15	657.50
995.39	641.40
995.64	628.20
995.88	626.50
996.12	623.80
996.36	619.10
996.60	615.90
996.84	616.10
997.09	621.10
997.33	611.80
997.57	609.30
997.81	605.70
998.05	607.80
998.30	598.10
998.54	589.60
998.78	593.90
999.02	576.70
999.26	577.00
999.50	593.30
999.75	585.70
999.99	568.60
1000.23	579.90
1000.47	562.90
1000.71	559.40
1000.95	562.50
1001.20	564.30
1001.44	562.30
1001.68	553.60
1001.92	547.20
1002.16	541.30
1002.40	537.60
1002.65	538.90
1002.89	533.90
1003.13	517.70
1003.37	525.60
1003.61	539.90
1003.85	517.20
1004.09	514.10
1004.34	512.50
1004.58	511.60
1004.82	496.40
1005.06	494.20
1005.30	503.10
1005.54	504.30
1005.78	490.20
1006.03	486.00
1006.27	482.30
1006.51	477.20
1006.75	470.00
1006.99	460.40
1007.23	467.00
1007.47	463.00
1007.72	466.90
1007.96	462.90
1008.20	460.70
1008.44	458.80
1008.68	459.40
1008.92	446.60
1009.16	451.70
1009.40	458.20
1009.65	457.60
1009.89	444.50
1010.13	435.80
1010.37	431.90
1010.61	428.40
1010.85	435.90
1011.09	423.30
1011.33	419.70
1011.58	410.30
1011.82	419.40
1012.06	419.10
1012.30	416.10
1012.54	412.80
1012.78	405.60
1013.02	410.50
1013.26	403.50
1013.50	399.70
1013.75	399.50
1013.99	393.00
1014.23	388.70
1014.47	389.40
1014.71	383.70
1014.95	387.80
1015.19	388.30
1015.43	392.10
1015.67	385.00
1015.92	379.90
1016.16	381.40
1016.40	380.30
1016.64	370.40
1016.88	375.80
1017.12	379.00
1017.36	373.20
1017.60	369.20
1017.84	372.30
1018.08	368.00
1018.32	357.50
1018.57	361.30
1018.81	361.90
1019.05	357.20
1019.29	354.70
1019.53	355.30
1019.77	357.30
1020.01	361.60
1020.25	354.30
1020.49	343.20
1020.73	346.50
1020.97	349.30
1021.21	351.90
1021.45	342.70
1021.70	345.10
1021.94	334.70
1022.18	338.40
1022.42	327.80
1022.66	332.80
1022.90	327.10
1023.14	327.80
1023.38	332.40
1023.62	325.60
1023.86	313.30
1024.10	311.70
1024.34	310.70
1024.58	301.30
1024.82	302.60
1025.06	308.80
1025.31	307.40
1025.55	301.90
1025.79	301.70
1026.03	305.80
1026.27	294.70
1026.51	296.30
1026.75	298.10
1026.99	285.60
1027.23	294.70
1027.47	284.20
1027.71	284.00
1027.95	290.50
1028.19	285.20
1028.43	276.50
1028.67	283.20
1028.91	279.80
1029.15	278.10
1029.39	270.60
1029.63	259.70
1029.87	268.50
1030.11	270.50
1030.36	270.00
1030.60	263.00
1030.84	264.40
1031.08	258.40
1031.32	245.90
1031.56	259.50
1031.80	258.70
1032.04	254.20
1032.28	249.60
1032.52	249.50
1032.76	245.90
1033.00	243.00
1033.24	238.90
1033.48	238.70
1033.72	237.70
1033.96	237.00
1034.20	230.80
1034.44	233.80
1034.68	234.30
1034.92	240.00
1035.16	225.40
1035.40	233.00
1035.64	227.40
1035.88	223.00
1036.12	213.70
1036.36	224.30
1036.60	207.10
1036.84	217.70
1037.08	218.70
1037.32	206.10
1037.56	206.60
1037.80	214.80
1038.04	208.10
1038.28	206.90
1038.52	208.60
1038.76	216.60
1039.00	208.90
1039.24	188.40
1039.48	198.00
1039.72	197.40
1039.96	195.50
1040.20	196.20
1040.44	189.50
1040.68	177.00
1040.92	182.20
1041.16	190.00
1041.40	185.00
1041.64	192.20
1041.88	178.90
1042.12	174.90
1042.36	191.60
1042.60	187.10
1042.84	184.30
1043.08	193.40
1043.32	184.20
1043.56	176.00
1043.80	173.90
1044.04	170.70
1044.28	175.80
1044.52	178.30
1044.76	164.60
1045.00	169.30
1045.24	167.60
1045.48	159.70
1045.72	160.90
1045.96	168.40
1046.19	163.20
1046.43	166.90
1046.67	160.10
1046.91	167.10
1047.15	162.30
1047.39	164.70
1047.63	163.60
1047.87	153.70
1048.11	160.50
1048.35	153.10
1048.59	153.40
1048.83	149.40
1049.07	154.50
1049.31	159.50
1049.55	149.30
1049.79	140.80
1050.03	146.10
1050.27	147.40
1050.51	148.00
1050.75	148.20
1050.99	144.80
1051.22	142.30
1051.46	145.20
1051.70	151.70
1051.94	152.10
1052.18	145.10
1052.42	138.80
1052.66	142.50
1052.90	138.20
1053.14	130.00
1053.38	138.30
1053.62	135.40
1053.86	130.70
1054.10	135.70
1054.34	132.60
1054.58	127.20
1054.81	128.40
1055.05	130.30
1055.29	134.40
1055.53	134.90
1055.77	130.50
1056.01	124.60
1056.25	122.30
1056.49	130.30
1056.73	122.50
1056.97	122.60
1057.21	116.60
1057.45	124.40
1057.69	123.60
1057.92	122.10
1058.16	114.60
1058.40	110.00
1058.64	120.20
1058.88	121.20
1059.12	118.40
1059.36	115.80
1059.60	110.10
1059.84	118.20
1060.08	112.20
1060.31	108.80
1060.55	107.90
1060.79	117.70
1061.03	109.10
1061.27	100.40
1061.51	100.70
1061.75	110.20
1061.99	104.50
1062.23	110.70
1062.47	105.90
1062.70	104.60
1062.94	104.10
1063.18	98.00
1063.42	98.70
1063.66	105.20
1063.90	108.40
1064.14	101.70
1064.38	93.40
1064.62	97.20
1064.85	95.70
1065.09	95.00
1065.33	105.30
1065.57	107.50
1065.81	99.70
1066.05	101.00
1066.29	101.40
1066.53	104.50
1066.76	95.90
1067.00	95.40
1067.24	93.00
1067.48	92.50
1067.72	94.60
1067.96	86.90
1068.20	88.80
1068.43	88.60
1068.67	88.80
1068.91	93.30
1069.15	95.20
1069.39	88.20
1069.63	88.50
1069.87	87.00
1070.11	88.90
1070.34	83.80
1070.58	86.10
1070.82	88.80
1071.06	87.30
1071.30	89.00
1071.54	82.20
1071.77	85.00
1072.01	81.60
1072.25	75.00
1072.49	75.30
1072.73	86.90
1072.97	87.20
1073.21	74.40
1073.44	78.60
1073.68	81.30
1073.92	79.20
1074.16	77.00
1074.40	78.00
1074.64	78.70
1074.87	80.30
1075.11	75.90
1075.35	83.40
1075.59	75.70
1075.83	68.40
1076.07	69.00
1076.30	79.10
1076.54	81.70
1076.78	76.00
1077.02	77.40
1077.26	75.50
1077.50	75.90
1077.73	79.90
1077.97	79.90
1078.21	74.00
1078.45	76.80
1078.69	69.40
1078.92	70.50
1079.16	68.80
1079.40	70.30
1079.64	71.00
1079.88	69.40
1080.12	69.60
1080.35	71.10
1080.59	72.10
1080.83	69.60
1081.07	62.90
1081.31	61.20
1081.54	64.70
1081.78	64.20
1082.02	70.60
1082.26	68.70
1082.50	66.20
1082.73	61.50
1082.97	57.30
1083.21	54.30
1083.45	65.50
1083.69	69.50
1083.92	55.10
1084.16	61.80
1084.40	59.20
1084.64	59.70
1084.88	64.50
1085.11	61.70
1085.35	55.90
1085.59	51.40
1085.83	52.00
1086.06	55.70
1086.30	65.00
1086.54	57.20
1086.78	58.00
1087.02	51.80
1087.25	58.60
1087.49	57.70
1087.73	55.20
1087.97	51.10
1088.20	49.00
1088.44	58.90
1088.68	55.10
1088.92	49.40
1089.16	48.50
1089.39	42.50
1089.63	41.40
1089.87	43.20
1090.11	45.30
1090.34	47.90
1090.58	42.70
1090.82	40.40
1091.06	43.90
1091.29	54.30
1091.53	41.70
1091.77	36.60
1092.01	44.30
1092.24	46.70
1092.48	43.50
1092.72	40.30
1092.96	32.30
1093.20	33.70
1093.43	34.00
1093.67	37.60
1093.91	32.40
1094.15	37.70
1094.38	43.90
1094.62	43.30
1094.86	40.10
1095.09	33.70
1095.33	32.60
1095.57	39.70
1095.81	36.50
1096.04	27.10
1096.28	31.50
1096.52	33.20
1096.76	31.30
1096.99	21.30
1097.23	22.10
1097.47	27.60
1097.71	33.60
1097.94	33.90
1098.18	32.10
1098.42	38.10
1098.65	42.90
1098.89	39.70
1099.13	31.20
1099.37	22.90
1099.60	30.50
1099.84	30.60
1100.08	31.30
1100.32	25.80
1100.55	19.10
1100.79	25.10
1101.03	28.30
1101.26	29.20
1101.50	20.10
1101.74	19.70
1101.98	23.70
1102.21	25.00
1102.45	24.80
1102.69	23.20
1102.92	32.70
1103.16	32.20
1103.40	22.60
1103.64	16.20
1103.87	22.70
1104.11	27.00
1104.35	23.40
1104.58	21.60
1104.82	8.20
1105.06	22.60
1105.29	22.20
1105.53	18.50
1105.77	20.90
1106.00	14.10
1106.24	17.50
1106.48	23.20
1106.72	18.70
1106.95	18.40
1107.19	17.20
1107.43	16.10
1107.66	13.00
1107.90	18.00
1108.14	23.40
1108.37	21.30
1108.61	12.90
1108.85	14.10
1109.08	18.80
1109.32	17.40
1109.56	14.80
1109.79	11.80
1110.03	12.20
1110.27	18.20
1110.50	8.00
1110.74	10.00
1110.98	10.20
1111.21	20.40
1111.45	19.70
1111.69	17.60
1111.92	16.60
1112.16	9.70
1112.40	11.30
1112.63	18.80
1112.87	20.00
1113.11	10.60
1113.34	12.40
1113.58	10.30
1113.82	6.80
1114.05	19.90
1114.29	15.00
1114.53	13.80
1114.76	12.80
1115.00	15.50
1115.24	11.80
1115.47	14.50
1115.71	16.40
1115.95	15.20
1116.18	18.10
1116.42	19.40
1116.66	19.30
1116.89	16.00
1117.13	13.90
1117.36	10.80
1117.60	8.40
1117.84	9.60
1118.07	12.20
1118.31	8.90
1118.55	17.30
1118.78	16.20
1119.02	7.60
1119.26	-0.50
1119.49	4.80
1119.73	15.60
1119.96	9.50
1120.20	15.80
1120.44	9.60
1120.67	7.30
1120.91	8.50
1121.15	12.10
1121.38	10.70
1121.62	10.00
