194.94	9.30
195.21	9.30
195.48	9.30
195.75	2.30
196.02	0.50
196.29	3.40
196.56	3.40
196.83	12.10
197.10	10.50
197.37	8.30
197.64	0.90
197.91	-0.20
198.18	9.20
198.45	12.00
198.72	11.60
198.99	11.50
199.26	10.00
199.53	12.60
199.80	12.30
200.07	18.20
200.34	15.20
200.61	15.40
200.87	6.80
201.14	3.70
201.41	11.80
201.68	12.20
201.95	11.50
202.22	7.30
202.49	10.30
202.76	12.10
203.03	6.00
203.30	13.30
203.57	14.60
203.84	14.40
204.11	16.60
204.38	9.50
204.65	10.50
204.92	11.40
205.19	12.00
205.46	8.00
205.73	11.90
206.00	19.60
206.27	16.10
206.54	19.90
206.80	17.70
207.07	13.60
207.34	7.60
207.61	10.40
207.88	12.90
208.15	15.30
208.42	14.20
208.69	8.90
208.96	10.20
209.23	15.30
209.50	13.30
209.77	13.80
210.04	13.60
210.31	14.90
210.58	19.10
210.85	13.70
211.11	16.00
211.38	11.10
211.65	5.40
211.92	1.30
212.19	9.00
212.46	16.60
212.73	8.30
213.00	5.00
213.27	5.90
213.54	10.00
213.81	6.10
214.08	6.80
214.35	16.30
214.62	23.30
214.88	10.20
215.15	9.70
215.42	10.80
215.69	12.70
215.96	15.30
216.23	6.50
216.50	5.80
216.77	17.30
217.04	6.80
217.31	6.50
217.58	13.10
217.85	18.30
218.12	11.80
218.38	6.10
218.65	9.00
218.92	18.90
219.19	10.90
219.46	16.50
219.73	8.00
220.00	11.30
220.27	5.20
220.54	6.60
220.81	14.90
221.08	18.20
221.34	6.60
221.61	7.60
221.88	7.50
222.15	8.10
222.42	10.40
222.69	7.00
222.96	13.70
223.23	16.20
223.50	12.00
223.77	8.70
224.03	5.10
224.30	11.50
224.57	12.60
224.84	15.10
225.11	2.00
225.38	7.40
225.65	5.40
225.92	5.00
226.19	10.20
226.46	16.60
226.72	9.60
226.99	6.90
227.26	7.20
227.53	16.00
227.80	13.20
228.07	8.90
228.34	12.80
228.61	16.50
228.88	7.80
229.14	4.60
229.41	10.60
229.68	25.50
229.95	16.50
230.22	14.80
230.49	10.10
230.76	12.10
231.03	13.50
231.29	11.90
231.56	12.60
231.83	14.20
232.10	16.30
232.37	10.20
232.64	5.00
232.91	7.80
233.18	10.20
233.44	14.30
233.71	10.10
233.98	8.10
234.25	12.30
234.52	9.40
234.79	16.20
235.06	17.20
235.33	12.10
235.59	10.40
235.86	14.80
236.13	11.10
236.40	13.40
236.67	15.00
236.94	15.80
237.21	20.70
237.47	19.50
237.74	11.10
238.01	15.00
238.28	7.50
238.55	8.10
238.82	12.70
239.09	10.00
239.35	20.00
239.62	8.90
239.89	9.30
240.16	11.70
240.43	19.50
240.70	14.80
240.97	10.10
241.23	9.00
241.50	13.00
241.77	4.90
242.04	6.90
242.31	19.50
242.58	16.90
242.84	3.30
243.11	3.70
243.38	10.40
243.65	20.10
243.92	26.50
244.19	12.70
244.46	7.20
244.72	11.60
244.99	20.80
245.26	20.70
245.53	21.50
245.80	15.20
246.07	13.40
246.33	11.90
246.60	8.10
246.87	11.00
247.14	8.00
247.41	8.20
247.68	7.30
247.94	14.80
248.21	9.40
248.48	11.90
248.75	12.10
249.02	16.70
249.29	8.30
249.55	8.00
249.82	11.40
250.09	20.90
250.36	12.70
250.63	6.60
250.89	4.40
251.16	10.40
251.43	5.80
251.70	5.60
251.97	6.20
252.24	15.40
252.50	10.80
252.77	3.20
253.04	2.00
253.31	17.00
253.58	10.40
253.84	9.50
254.11	11.10
254.38	10.90
254.65	11.00
254.92	12.90
255.19	16.10
255.45	19.70
255.72	18.40
255.99	17.80
256.26	18.10
256.53	10.00
256.79	15.00
257.06	14.50
257.33	8.90
257.60	12.90
257.87	14.90
258.13	8.50
258.40	15.00
258.67	10.00
258.94	8.90
259.21	7.30
259.47	7.10
259.74	4.00
260.01	15.10
260.28	6.70
260.55	8.00
260.81	6.50
261.08	6.10
261.35	12.80
261.62	7.20
261.89	10.10
262.15	14.20
262.42	11.00
262.69	12.90
262.96	18.20
263.23	18.40
263.49	15.50
263.76	10.00
264.03	11.50
264.30	12.40
264.56	6.70
264.83	11.90
265.10	21.80
265.37	16.40
265.64	13.00
265.90	20.40
266.17	20.40
266.44	18.40
266.71	20.00
266.97	12.00
267.24	14.20
267.51	9.80
267.78	10.80
268.05	11.40
268.31	17.00
268.58	11.30
268.85	17.30
269.12	15.60
269.38	17.20
269.65	14.90
269.92	15.80
270.19	19.80
270.45	15.60
270.72	15.20
270.99	4.40
271.26	6.20
271.53	14.00
271.79	16.00
272.06	14.20
272.33	12.90
272.60	14.50
272.86	10.80
273.13	9.80
273.40	10.80
273.67	18.90
273.93	16.70
274.20	13.40
274.47	6.90
274.74	8.00
275.00	11.80
275.27	10.90
275.54	12.20
275.81	12.30
276.07	12.80
276.34	16.40
276.61	11.50
276.88	12.40
277.14	14.70
277.41	15.00
277.68	7.90
277.95	7.60
278.21	7.20
278.48	0.80
278.75	15.60
279.02	16.20
279.28	11.00
279.55	6.40
279.82	12.40
280.09	14.30
280.35	11.30
280.62	7.90
280.89	5.90
281.16	7.30
281.42	16.60
281.69	17.60
281.96	19.70
282.22	11.10
282.49	6.70
282.76	13.10
283.03	18.60
283.29	19.00
283.56	11.20
283.83	8.80
284.10	5.10
284.36	15.40
284.63	12.40
284.90	12.40
285.16	10.10
285.43	11.00
285.70	10.20
285.97	10.40
286.23	14.70
286.50	16.10
286.77	7.50
287.04	8.00
287.30	10.10
287.57	20.30
287.84	17.70
288.10	14.10
288.37	5.80
288.64	12.10
288.91	20.10
289.17	13.30
289.44	4.90
289.71	10.30
289.97	13.80
290.24	8.60
290.51	6.00
290.78	11.50
291.04	20.20
291.31	9.60
291.58	13.80
291.84	17.80
292.11	7.30
292.38	9.60
292.64	3.20
292.91	6.70
293.18	13.40
293.45	10.20
293.71	14.70
293.98	16.90
294.25	9.30
294.51	13.10
294.78	3.60
295.05	5.00
295.31	15.10
295.58	11.40
295.85	8.30
296.12	6.90
296.38	4.90
296.65	3.70
296.92	3.60
297.18	11.20
297.45	13.00
297.72	3.90
297.98	3.00
298.25	17.80
298.52	17.90
298.78	14.90
299.05	10.10
299.32	11.00
299.58	15.60
299.85	18.50
300.12	11.80
300.39	14.50
300.65	7.00
300.92	7.20
301.19	16.60
301.45	25.20
301.72	16.00
301.99	3.00
302.25	16.40
302.52	26.20
302.79	22.20
303.05	21.10
303.32	15.00
303.59	13.90
303.85	9.70
304.12	5.80
304.39	3.60
304.65	6.90
304.92	7.10
305.19	13.40
305.45	9.70
305.72	11.60
305.99	7.70
306.25	11.80
306.52	12.90
306.79	14.60
307.05	12.50
307.32	8.70
307.59	3.60
307.85	8.00
308.12	12.30
308.39	14.70
308.65	9.20
308.92	5.90
309.19	6.20
309.45	7.70
309.72	9.60
309.98	19.70
310.25	16.50
310.52	8.90
310.78	8.20
311.05	10.20
311.32	4.60
311.58	9.70
311.85	11.40
312.12	19.50
312.38	17.10
312.65	12.60
312.92	9.90
313.18	12.90
313.45	7.80
313.72	4.30
313.98	6.60
314.25	11.20
314.51	15.10
314.78	14.90
315.05	9.10
315.31	13.90
315.58	9.20
315.85	11.80
316.11	13.80
316.38	14.80
316.65	8.00
316.91	10.90
317.18	7.20
317.44	15.50
317.71	15.40
317.98	16.40
318.24	16.70
318.51	9.30
318.78	9.00
319.04	2.00
319.31	11.40
319.57	15.30
319.84	14.70
320.11	13.20
320.37	6.80
320.64	16.90
320.91	21.10
321.17	14.90
321.44	6.30
321.70	10.80
321.97	11.60
322.24	8.10
322.50	13.30
322.77	20.50
323.03	11.90
323.30	11.20
323.57	6.20
323.83	3.30
324.10	16.30
324.37	8.00
324.63	16.20
324.90	18.30
325.16	12.40
325.43	8.80
325.70	11.70
325.96	10.20
326.23	12.70
326.49	8.70
326.76	18.10
327.03	27.10
327.29	13.10
327.56	5.40
327.82	8.30
328.09	14.50
328.36	-0.40
328.62	4.30
328.89	4.20
329.15	21.80
329.42	20.40
329.69	16.60
329.95	4.40
330.22	18.90
330.48	16.30
330.75	16.10
331.02	11.60
331.28	12.50
331.55	9.10
331.81	7.90
332.08	9.60
332.34	8.90
332.61	7.00
332.88	11.00
333.14	20.20
333.41	11.60
333.67	3.00
333.94	5.40
334.21	7.10
334.47	8.70
334.74	11.70
335.00	11.20
335.27	15.90
335.53	13.60
335.80	10.00
336.07	6.30
336.33	11.60
336.60	11.20
336.86	11.80
337.13	6.10
337.39	8.00
337.66	18.30
337.93	17.20
338.19	13.80
338.46	13.50
338.72	22.30
338.99	12.20
339.25	8.80
339.52	9.90
339.79	17.00
340.05	7.30
340.32	16.80
340.58	15.50
340.85	13.90
341.11	2.80
341.38	-0.40
341.65	11.00
341.91	14.30
342.18	14.60
342.44	5.30
342.71	6.00
342.97	14.30
343.24	14.30
343.50	14.40
343.77	13.00
344.03	13.00
344.30	8.90
344.57	10.20
344.83	15.10
345.10	23.90
345.36	9.30
345.63	9.10
345.89	8.90
346.16	13.70
346.42	15.40
346.69	15.30
346.96	13.00
347.22	15.10
347.49	9.80
347.75	8.90
348.02	10.50
348.28	17.40
348.55	15.40
348.81	8.80
349.08	12.80
349.34	14.70
349.61	15.50
349.87	5.00
350.14	10.30
350.40	8.30
350.67	10.70
350.94	13.20
351.20	16.40
351.47	7.70
351.73	13.30
352.00	18.60
352.26	11.30
352.53	25.20
352.79	24.20
353.06	12.70
353.32	14.60
353.59	20.60
353.85	19.30
354.12	13.00
354.38	11.50
354.65	11.60
354.91	7.10
355.18	3.50
355.44	3.80
355.71	13.80
355.97	14.30
356.24	11.40
356.51	13.20
356.77	19.80
357.04	12.40
357.30	11.10
357.57	8.10
357.83	12.70
358.10	10.70
358.36	8.90
358.63	15.30
358.89	15.20
359.16	7.00
359.42	11.10
359.69	12.90
359.95	12.20
360.22	15.00
360.48	9.80
360.75	14.80
361.01	18.00
361.28	9.00
361.54	1.70
361.81	16.50
362.07	11.70
362.34	7.70
362.60	10.30
362.87	13.00
363.13	15.70
363.40	20.90
363.66	11.40
363.93	11.50
364.19	15.50
364.46	8.10
364.72	7.40
364.99	12.70
365.25	29.20
365.52	17.90
365.78	9.60
366.04	8.20
366.31	13.70
366.57	12.50
366.84	16.70
367.10	18.10
367.37	9.80
367.63	10.80
367.90	5.50
368.16	9.30
368.43	11.30
368.69	10.30
368.96	16.40
369.22	11.90
369.49	19.20
369.75	11.60
370.02	18.20
370.28	6.90
370.55	14.80
370.81	4.10
371.08	15.80
371.34	16.90
371.60	24.60
371.87	12.50
372.13	15.30
372.40	11.70
372.66	10.30
372.93	7.60
373.19	14.60
373.46	11.80
373.72	14.70
373.99	16.60
374.25	5.10
374.52	12.80
374.78	8.80
375.04	12.60
375.31	10.80
375.57	9.30
375.84	19.60
376.10	18.10
376.37	15.00
376.63	11.20
376.90	10.40
377.16	8.00
377.43	11.80
377.69	23.00
377.95	20.80
378.22	18.40
378.48	14.20
378.75	16.60
379.01	22.90
379.28	22.20
379.54	19.40
379.81	17.80
380.07	20.90
380.33	14.60
380.60	15.00
380.86	17.10
381.13	24.60
381.39	21.50
381.66	14.40
381.92	21.10
382.19	19.90
382.45	17.30
382.71	22.10
382.98	5.90
383.24	4.70
383.51	12.30
383.77	14.80
384.04	15.60
384.30	12.90
384.56	17.80
384.83	19.00
385.09	16.70
385.36	21.80
385.62	15.00
385.89	16.30
386.15	11.50
386.41	16.10
386.68	23.20
386.94	17.90
387.21	19.80
387.47	30.60
387.74	21.50
388.00	18.70
388.26	17.70
388.53	22.60
388.79	26.30
389.06	18.90
389.32	14.00
389.58	25.00
389.85	22.80
390.11	22.90
390.38	21.30
390.64	22.20
390.90	16.40
391.17	17.80
391.43	15.90
391.70	20.20
391.96	16.60
392.23	17.50
392.49	27.20
392.75	30.90
393.02	25.70
393.28	15.80
393.55	12.50
393.81	20.10
394.07	26.10
394.34	15.40
394.60	25.00
394.87	18.10
395.13	13.10
395.39	16.40
395.66	13.00
395.92	9.40
396.18	17.20
396.45	24.10
396.71	21.40
396.98	27.70
397.24	21.60
397.50	27.00
397.77	19.60
398.03	30.20
398.30	29.70
398.56	15.40
398.82	14.20
399.09	19.00
399.35	18.60
399.62	18.80
399.88	22.60
400.14	26.90
400.41	29.30
400.67	14.80
400.93	16.10
401.20	30.50
401.46	28.20
401.73	28.50
401.99	20.30
402.25	23.30
402.52	30.30
402.78	26.30
403.04	27.80
403.31	23.20
403.57	24.60
403.84	25.20
404.10	14.40
404.36	24.50
404.63	24.80
404.89	19.50
405.15	25.50
405.42	19.80
405.68	30.40
405.94	31.70
406.21	28.00
406.47	27.40
406.74	30.10
407.00	22.60
407.26	20.00
407.53	26.90
407.79	26.20
408.05	23.50
408.32	26.60
408.58	45.80
408.84	35.10
409.11	28.60
409.37	35.70
409.63	30.90
409.90	34.70
410.16	30.80
410.42	24.70
410.69	32.40
410.95	33.30
411.22	28.60
411.48	36.20
411.74	44.40
412.01	34.60
412.27	24.30
412.53	31.00
412.80	29.80
413.06	30.00
413.32	32.80
413.59	34.50
413.85	28.00
414.11	25.10
414.38	26.50
414.64	33.70
414.90	36.10
415.17	25.70
415.43	27.30
415.69	30.70
415.96	36.10
416.22	33.00
416.48	35.90
416.75	35.80
417.01	40.40
417.27	34.00
417.54	38.20
417.80	41.90
418.06	33.10
418.33	35.20
418.59	31.90
418.85	27.30
419.12	32.80
419.38	38.50
419.64	34.90
419.91	35.90
420.17	38.50
420.43	38.10
420.69	35.10
420.96	39.10
421.22	47.00
421.48	45.60
421.75	46.50
422.01	44.40
422.27	44.60
422.54	36.20
422.80	41.20
423.06	41.90
423.33	44.00
423.59	39.20
423.85	35.20
424.11	46.70
424.38	53.20
424.64	52.30
424.90	43.10
425.17	45.60
425.43	50.90
425.69	45.50
425.96	44.20
426.22	49.20
426.48	50.80
426.75	63.80
427.01	54.40
427.27	54.30
427.53	53.90
427.80	54.30
428.06	59.70
428.32	52.60
428.59	53.80
428.85	55.40
429.11	51.00
429.37	52.70
429.64	63.50
429.90	52.40
430.16	43.30
430.43	50.50
430.69	54.10
430.95	50.50
431.21	50.20
431.48	57.10
431.74	55.30
432.00	54.70
432.27	51.50
432.53	57.30
432.79	57.00
433.05	61.40
433.32	59.30
433.58	61.20
433.84	69.90
434.11	62.60
434.37	62.80
434.63	61.90
434.89	62.00
435.16	59.80
435.42	59.90
435.68	61.70
435.94	72.50
436.21	62.80
436.47	56.50
436.73	64.80
436.99	63.30
437.26	56.50
437.52	62.80
437.78	56.90
438.05	58.10
438.31	65.60
438.57	65.90
438.83	54.50
439.10	68.90
439.36	69.70
439.62	65.40
439.88	61.00
440.15	74.50
440.41	72.40
440.67	60.40
440.93	66.20
441.20	72.20
441.46	69.30
441.72	63.30
441.98	71.80
442.25	82.30
442.51	73.70
442.77	68.00
443.03	76.40
443.30	78.90
443.56	73.40
443.82	72.10
444.08	75.10
444.35	71.80
444.61	73.20
444.87	76.40
445.13	76.20
445.40	83.40
445.66	87.20
445.92	80.20
446.18	84.60
446.44	90.10
446.71	86.80
446.97	89.00
447.23	86.30
447.49	93.30
447.76	96.80
448.02	94.30
448.28	94.00
448.54	101.90
448.81	96.10
449.07	98.40
449.33	101.00
449.59	106.20
449.85	106.80
450.12	103.90
450.38	107.00
450.64	110.90
450.90	116.40
451.17	97.10
451.43	101.60
451.69	114.90
451.95	114.80
452.21	108.60
452.48	106.20
452.74	107.20
453.00	111.60
453.26	111.70
453.53	111.30
453.79	116.80
454.05	109.90
454.31	109.30
454.57	116.50
454.84	119.70
455.10	121.20
455.36	110.20
455.62	114.90
455.88	124.90
456.15	114.60
456.41	112.30
456.67	107.90
456.93	115.40
457.19	105.10
457.46	114.60
457.72	121.60
457.98	122.10
458.24	122.40
458.50	116.50
458.77	116.60
459.03	127.30
459.29	120.60
459.55	111.20
459.81	130.20
460.08	127.50
460.34	119.20
460.60	111.70
460.86	118.20
461.12	133.20
461.39	130.80
461.65	125.00
461.91	122.40
462.17	126.40
462.43	128.70
462.69	125.80
462.96	126.20
463.22	132.40
463.48	135.50
463.74	132.30
464.00	136.60
464.27	136.80
464.53	142.40
464.79	127.00
465.05	130.20
465.31	141.00
465.57	139.10
465.84	138.90
466.10	147.10
466.36	148.10
466.62	151.20
466.88	155.10
467.14	163.10
467.41	155.70
467.67	162.40
467.93	163.10
468.19	158.90
468.45	163.00
468.71	175.30
468.98	175.60
469.24	177.40
469.50	181.90
469.76	173.00
470.02	172.60
470.28	176.70
470.55	195.50
470.81	193.30
471.07	189.30
471.33	189.00
471.59	198.60
471.85	200.10
472.11	201.90
472.38	212.00
472.64	208.00
472.90	214.00
473.16	213.90
473.42	213.30
473.68	219.10
473.95	223.90
474.21	220.30
474.47	224.30
474.73	230.60
474.99	234.60
475.25	229.60
475.51	241.00
475.78	233.50
476.04	233.80
476.30	239.00
476.56	245.50
476.82	249.70
477.08	237.10
477.34	238.60
477.61	242.60
477.87	248.10
478.13	261.40
478.39	250.60
478.65	253.00
478.91	255.50
479.17	264.70
479.43	260.70
479.70	259.00
479.96	265.70
480.22	270.50
480.48	268.00
480.74	272.80
481.00	274.30
481.26	274.40
481.52	266.10
481.79	276.60
482.05	276.80
482.31	271.30
482.57	270.30
482.83	272.30
483.09	280.40
483.35	272.20
483.61	275.80
483.88	277.30
484.14	281.60
484.40	282.90
484.66	281.30
484.92	285.90
485.18	291.10
485.44	292.00
485.70	288.20
485.96	290.00
486.23	290.40
486.49	283.00
486.75	294.50
487.01	297.00
487.27	300.70
487.53	294.60
487.79	291.70
488.05	302.90
488.31	310.00
488.57	305.10
488.84	309.50
489.10	317.00
489.36	315.60
489.62	311.80
489.88	315.20
490.14	319.10
490.40	320.70
490.66	321.00
490.92	332.40
491.18	340.80
491.44	344.10
491.71	336.70
491.97	339.20
492.23	341.80
492.49	350.60
492.75	349.30
493.01	350.60
493.27	364.20
493.53	360.80
493.79	369.50
494.05	368.40
494.31	381.30
494.58	383.70
494.84	383.40
495.10	390.30
495.36	400.40
495.62	394.90
495.88	402.80
496.14	403.90
496.40	408.70
496.66	420.30
496.92	417.00
497.18	422.80
497.44	435.60
497.70	439.80
497.96	446.70
498.23	443.70
498.49	449.40
498.75	455.80
499.01	450.70
499.27	461.30
499.53	481.30
499.79	482.70
500.05	502.90
500.31	491.10
500.57	499.10
500.83	509.30
501.09	502.30
501.35	503.80
501.61	513.80
501.87	517.70
502.13	512.90
502.40	521.10
502.66	527.40
502.92	533.70
503.18	547.40
503.44	538.50
503.70	544.60
503.96	551.80
504.22	555.30
504.48	552.30
504.74	562.10
505.00	568.00
505.26	567.40
505.52	569.10
505.78	562.70
506.04	571.70
506.30	574.50
506.56	570.40
506.82	586.60
507.08	576.80
507.34	578.00
507.60	577.50
507.86	589.50
508.13	594.20
508.39	580.40
508.65	585.60
508.91	576.90
509.17	589.30
509.43	598.40
509.69	589.40
509.95	596.30
510.21	588.30
510.47	577.40
510.73	596.50
510.99	603.30
511.25	587.10
511.51	587.10
511.77	594.40
512.03	605.80
512.29	600.70
512.55	595.20
512.81	592.90
513.07	600.60
513.33	610.50
513.59	610.00
513.85	598.90
514.11	598.60
514.37	604.60
514.63	607.40
514.89	604.60
515.15	606.00
515.41	615.80
515.67	619.40
515.93	612.20
516.19	613.60
516.45	623.80
516.71	622.40
516.97	621.50
517.23	631.30
517.49	645.20
517.75	642.70
518.01	645.80
518.27	649.80
518.53	646.40
518.79	651.70
519.05	652.00
519.31	656.50
519.57	656.50
519.83	656.50
520.09	666.60
520.35	679.40
520.61	688.20
520.87	687.00
521.13	679.80
521.39	697.20
521.65	708.20
521.91	700.40
522.17	704.80
522.43	717.10
522.69	723.60
522.95	733.20
523.21	721.80
523.47	750.70
523.73	759.20
523.99	746.40
524.25	753.10
524.51	766.30
524.77	766.70
525.03	766.90
525.29	787.00
525.55	797.70
525.81	805.00
526.07	818.70
526.33	817.30
526.59	821.10
526.85	830.30
527.11	842.80
527.37	846.30
527.63	853.60
527.89	868.70
528.15	874.40
528.41	893.00
528.67	901.20
528.93	901.50
529.19	900.40
529.45	913.90
529.71	920.40
529.96	927.40
530.22	933.60
530.48	946.40
530.74	965.00
531.00	959.30
531.26	966.00
531.52	983.50
531.78	1008.40
532.04	1018.80
532.30	1021.40
532.56	1030.30
532.82	1040.00
533.08	1042.90
533.34	1047.50
533.60	1055.60
533.86	1069.60
534.12	1078.60
534.38	1072.60
534.64	1087.50
534.90	1106.80
535.16	1113.60
535.42	1119.80
535.67	1117.00
535.93	1122.80
536.19	1120.10
536.45	1130.00
536.71	1135.50
536.97	1152.70
537.23	1160.50
537.49	1153.50
537.75	1161.80
538.01	1162.40
538.27	1164.50
538.53	1170.50
538.79	1155.40
539.05	1168.80
539.31	1170.70
539.57	1175.90
539.82	1180.60
540.08	1183.50
540.34	1198.80
540.60	1192.50
540.86	1191.70
541.12	1206.10
541.38	1189.40
541.64	1213.20
541.90	1202.00
542.16	1205.50
542.42	1197.60
542.68	1207.60
542.94	1208.10
543.19	1194.50
543.45	1195.50
543.71	1198.70
543.97	1189.90
544.23	1194.00
544.49	1219.50
544.75	1207.40
545.01	1195.90
545.27	1204.70
545.53	1202.90
545.79	1202.30
546.05	1200.70
546.30	1203.20
546.56	1199.10
546.82	1208.90
547.08	1209.40
547.34	1208.80
547.60	1215.50
547.86	1209.00
548.12	1215.10
548.38	1223.50
548.64	1228.00
548.89	1222.90
549.15	1222.50
549.41	1231.80
549.67	1235.40
549.93	1231.80
550.19	1237.00
550.45	1229.20
550.71	1246.80
550.97	1249.60
551.23	1259.00
551.48	1257.30
551.74	1265.60
552.00	1273.70
552.26	1273.40
552.52	1279.70
552.78	1278.70
553.04	1294.20
553.30	1296.00
553.56	1301.50
553.81	1302.10
554.07	1301.50
554.33	1308.20
554.59	1323.00
554.85	1329.50
555.11	1336.30
555.37	1334.00
555.63	1340.20
555.88	1374.60
556.14	1381.00
556.40	1377.90
556.66	1380.70
556.92	1386.40
557.18	1398.90
557.44	1396.90
557.70	1416.20
557.95	1430.40
558.21	1430.90
558.47	1436.20
558.73	1435.90
558.99	1457.60
559.25	1462.40
559.51	1476.70
559.76	1500.80
560.02	1512.20
560.28	1510.40
560.54	1508.50
560.80	1533.40
561.06	1555.10
561.32	1560.70
561.58	1581.10
561.83	1586.10
562.09	1605.20
562.35	1620.20
562.61	1622.40
562.87	1631.50
563.13	1659.40
563.38	1665.20
563.64	1669.50
563.90	1689.00
564.16	1705.00
564.42	1717.90
564.68	1726.70
564.94	1748.00
565.19	1771.60
565.45	1780.70
565.71	1780.40
565.97	1798.30
566.23	1806.30
566.49	1820.90
566.74	1844.00
567.00	1855.90
567.26	1891.40
567.52	1897.10
567.78	1882.10
568.04	1906.70
568.29	1921.70
568.55	1920.70
568.81	1933.60
569.07	1957.80
569.33	1981.70
569.59	1992.40
569.84	2006.60
570.10	2024.70
570.36	2028.80
570.62	2027.70
570.88	2039.10
571.14	2057.70
571.39	2079.60
571.65	2084.40
571.91	2068.20
572.17	2101.40
572.43	2121.10
572.69	2141.20
572.94	2130.50
573.20	2149.60
573.46	2140.10
573.72	2151.70
573.98	2160.40
574.23	2162.60
574.49	2159.80
574.75	2193.60
575.01	2191.60
575.27	2202.10
575.53	2206.70
575.78	2203.90
576.04	2206.90
576.30	2227.80
576.56	2227.60
576.82	2229.10
577.07	2225.30
577.33	2245.60
577.59	2246.20
577.85	2240.60
578.11	2231.70
578.36	2238.20
578.62	2246.30
578.88	2238.50
579.14	2252.70
579.40	2250.70
579.65	2245.20
579.91	2242.10
580.17	2245.80
580.43	2261.40
580.69	2253.80
580.94	2258.60
581.20	2249.00
581.46	2253.40
581.72	2250.70
581.97	2246.20
582.23	2241.90
582.49	2243.50
582.75	2243.20
583.01	2246.90
583.26	2240.40
583.52	2241.10
583.78	2240.50
584.04	2248.00
584.30	2246.90
584.55	2251.00
584.81	2253.80
585.07	2248.10
585.33	2247.60
585.58	2245.90
585.84	2236.80
586.10	2237.70
586.36	2238.50
586.61	2251.90
586.87	2244.60
587.13	2254.70
587.39	2255.00
587.65	2268.00
587.90	2284.40
588.16	2280.10
588.42	2265.10
588.68	2278.50
588.93	2299.30
589.19	2281.60
589.45	2280.50
589.71	2271.70
589.96	2274.80
590.22	2279.80
590.48	2294.80
590.74	2295.40
590.99	2298.00
591.25	2285.80
591.51	2310.70
591.77	2330.40
592.02	2334.60
592.28	2324.30
592.54	2322.20
592.80	2342.30
593.05	2354.60
593.31	2338.20
593.57	2362.20
593.83	2384.20
594.08	2391.50
594.34	2401.60
594.60	2388.30
594.86	2420.60
595.11	2457.20
595.37	2445.70
595.63	2433.10
595.89	2463.70
596.14	2472.90
596.40	2463.50
596.66	2472.50
596.92	2500.70
597.17	2505.10
597.43	2518.80
597.69	2520.20
597.95	2565.00
598.20	2569.10
598.46	2580.80
598.72	2617.70
598.97	2616.70
599.23	2617.50
599.49	2639.20
599.75	2652.30
600.00	2672.20
600.26	2677.90
600.52	2681.20
600.78	2704.40
601.03	2750.70
601.29	2749.70
601.55	2775.90
601.80	2785.30
602.06	2829.30
602.32	2838.50
602.58	2831.90
602.83	2854.50
603.09	2874.90
603.35	2893.50
603.60	2913.80
603.86	2929.70
604.12	2932.00
604.38	2969.60
604.63	3022.00
604.89	3021.40
605.15	3019.20
605.40	3047.50
605.66	3068.10
605.92	3075.90
606.18	3097.30
606.43	3121.30
606.69	3143.20
606.95	3157.20
607.20	3155.20
607.46	3200.90
607.72	3216.00
607.97	3217.20
608.23	3242.50
608.49	3260.40
608.75	3263.00
609.00	3289.20
609.26	3325.70
609.52	3342.70
609.77	3360.60
610.03	3346.50
610.29	3379.00
610.54	3409.60
610.80	3409.30
611.06	3416.10
611.31	3469.80
611.57	3471.20
611.83	3486.50
612.08	3501.20
612.34	3514.00
612.60	3530.40
612.86	3538.60
613.11	3530.80
613.37	3576.40
613.63	3597.60
613.88	3590.40
614.14	3609.00
614.40	3606.20
614.65	3646.10
614.91	3652.70
615.17	3659.80
615.42	3675.20
615.68	3673.30
615.94	3711.60
616.19	3703.10
616.45	3709.60
616.71	3720.60
616.96	3690.10
617.22	3733.50
617.48	3737.60
617.73	3750.10
617.99	3730.60
618.25	3750.10
618.50	3743.70
618.76	3799.30
619.02	3784.40
619.27	3781.40
619.53	3786.50
619.79	3821.60
620.04	3812.00
620.30	3793.10
620.56	3796.90
620.81	3782.80
621.07	3802.10
621.32	3806.00
621.58	3808.40
621.84	3807.00
622.09	3815.20
622.35	3798.20
622.61	3803.70
622.86	3836.40
623.12	3828.50
623.38	3816.80
623.63	3809.40
623.89	3829.80
624.15	3785.30
624.40	3781.80
624.66	3799.70
624.92	3779.10
625.17	3798.10
625.43	3798.60
625.68	3809.10
625.94	3799.80
626.20	3770.70
626.45	3773.40
626.71	3774.90
626.97	3736.80
627.22	3773.40
627.48	3761.10
627.73	3762.10
627.99	3761.20
628.25	3766.40
628.50	3762.80
628.76	3747.50
629.02	3742.30
629.27	3741.10
629.53	3759.40
629.78	3755.60
630.04	3765.30
630.30	3747.70
630.55	3736.80
630.81	3733.40
631.07	3775.70
631.32	3732.40
631.58	3716.10
631.83	3729.60
632.09	3725.60
632.35	3752.10
632.60	3741.50
632.86	3750.50
633.11	3759.10
633.37	3741.40
633.63	3745.20
633.88	3758.10
634.14	3758.70
634.40	3780.70
634.65	3745.00
634.91	3739.80
635.16	3758.40
635.42	3749.00
635.68	3754.30
635.93	3766.90
636.19	3768.00
636.44	3762.40
636.70	3768.80
636.96	3784.20
637.21	3797.30
637.47	3780.70
637.72	3791.90
637.98	3795.70
638.23	3807.60
638.49	3818.80
638.75	3806.30
639.00	3800.90
639.26	3822.60
639.51	3831.30
639.77	3848.10
640.03	3891.10
640.28	3909.50
640.54	3939.10
640.79	3904.90
641.05	3908.80
641.30	3910.10
641.56	3900.50
641.82	3934.50
642.07	3945.80
642.33	3994.20
642.58	3989.20
642.84	3969.40
643.10	4001.20
643.35	4044.90
643.61	4078.20
643.86	4081.90
644.12	4078.40
644.37	4095.80
644.63	4104.60
644.89	4113.60
645.14	4139.80
645.40	4155.20
645.65	4160.80
645.91	4155.40
646.16	4173.30
646.42	4203.30
646.67	4224.00
646.93	4254.20
647.19	4285.10
647.44	4289.70
647.70	4299.00
647.95	4331.50
648.21	4360.70
648.46	4370.20
648.72	4392.00
648.97	4403.60
649.23	4435.50
649.49	4450.80
649.74	4453.70
650.00	4478.10
650.25	4505.70
650.51	4513.50
650.76	4540.10
651.02	4553.10
651.27	4585.50
651.53	4596.40
651.79	4597.50
652.04	4635.70
652.30	4686.90
652.55	4679.60
652.81	4703.70
653.06	4717.30
653.32	4726.80
653.57	4750.40
653.83	4777.10
654.08	4825.40
654.34	4851.70
654.59	4839.00
654.85	4839.90
655.10	4891.40
655.36	4904.90
655.62	4903.80
655.87	4928.50
656.13	4967.40
656.38	4993.00
656.64	5028.10
656.89	5036.80
657.15	5059.40
657.40	5083.90
657.66	5093.10
657.91	5111.10
658.17	5105.00
658.42	5169.70
658.68	5182.80
658.93	5193.20
659.19	5247.70
659.44	5266.80
659.70	5243.80
659.95	5282.80
660.21	5288.40
660.46	5345.10
660.72	5377.60
660.97	5395.10
661.23	5349.60
661.48	5410.80
661.74	5410.60
661.99	5433.60
662.25	5467.30
662.51	5481.80
662.76	5438.70
663.02	5481.30
663.27	5505.50
663.53	5531.90
663.78	5555.10
664.04	5574.80
664.29	5569.50
664.55	5532.20
664.80	5518.70
665.06	5563.50
665.31	5591.40
665.56	5575.90
665.82	5627.40
666.07	5599.30
666.33	5589.60
666.58	5613.40
666.84	5650.60
667.09	5652.30
667.35	5667.00
667.60	5656.70
667.86	5693.90
668.11	5678.20
668.37	5639.90
668.62	5631.90
668.88	5616.00
669.13	5650.90
669.39	5662.60
669.64	5655.80
669.90	5633.60
670.15	5669.20
670.41	5648.60
670.66	5629.50
670.92	5650.30
671.17	5647.50
671.43	5630.10
671.68	5631.50
671.94	5618.20
672.19	5584.80
672.44	5606.20
672.70	5578.90
672.95	5585.20
673.21	5565.90
673.46	5564.40
673.72	5521.10
673.97	5546.70
674.23	5521.50
674.48	5527.80
674.74	5529.00
674.99	5541.30
675.25	5508.30
675.50	5488.50
675.75	5507.40
676.01	5498.80
676.26	5525.40
676.52	5495.30
676.77	5493.00
677.03	5467.10
677.28	5452.20
677.54	5483.70
677.79	5427.90
678.05	5457.30
678.30	5420.50
678.55	5376.40
678.81	5423.60
679.06	5406.50
679.32	5369.00
679.57	5396.20
679.83	5378.00
680.08	5354.70
680.34	5334.30
680.59	5339.00
680.84	5341.10
681.10	5342.80
681.35	5322.10
681.61	5316.20
681.86	5334.80
682.12	5346.10
682.37	5359.40
682.62	5310.50
682.88	5302.30
683.13	5305.20
683.39	5294.10
683.64	5288.50
683.90	5255.80
684.15	5277.20
684.40	5247.30
684.66	5276.90
684.91	5247.20
685.17	5258.10
685.42	5275.60
685.68	5277.40
685.93	5297.30
686.18	5250.70
686.44	5272.80
686.69	5259.30
686.95	5241.70
687.20	5256.50
687.46	5257.40
687.71	5244.80
687.96	5270.50
688.22	5260.90
688.47	5252.90
688.73	5271.80
688.98	5263.50
689.23	5285.30
689.49	5280.10
689.74	5282.40
690.00	5268.50
690.25	5284.90
690.50	5269.60
690.76	5249.50
691.01	5260.50
691.27	5269.80
691.52	5299.10
691.77	5276.40
692.03	5303.20
692.28	5288.80
692.54	5251.90
692.79	5241.50
693.04	5256.10
693.30	5260.30
693.55	5247.50
693.81	5239.90
694.06	5259.40
694.31	5290.20
694.57	5324.20
694.82	5371.80
695.08	5366.60
695.33	5381.80
695.58	5437.30
695.84	5447.70
696.09	5436.30
696.34	5468.20
696.60	5494.60
696.85	5480.20
697.11	5469.50
697.36	5516.60
697.61	5535.80
697.87	5516.20
698.12	5530.30
698.37	5524.10
698.63	5548.00
698.88	5572.90
699.14	5591.20
699.39	5631.50
699.64	5639.30
699.90	5626.90
700.15	5650.80
700.40	5651.70
700.66	5674.80
700.91	5693.80
701.17	5745.40
701.42	5736.70
701.67	5716.40
701.93	5729.30
702.18	5786.60
702.43	5824.40
702.69	5821.90
702.94	5802.10
703.19	5798.00
703.45	5851.90
703.70	5849.60
703.95	5857.30
704.21	5858.90
704.46	5885.20
704.72	5980.30
704.97	6012.70
705.22	6004.60
705.48	5983.10
705.73	6002.30
705.98	5999.70
706.24	6021.30
706.49	6056.10
706.74	6059.40
707.00	6048.10
707.25	6048.10
707.50	6064.40
707.76	6115.20
708.01	6164.00
708.26	6222.20
708.52	6239.60
708.77	6226.40
709.02	6245.90
709.28	6246.60
709.53	6259.80
709.78	6348.70
710.04	6348.20
710.29	6387.70
710.54	6387.70
710.80	6394.90
711.05	6432.90
711.30	6450.40
711.56	6485.20
711.81	6498.10
712.06	6534.00
712.32	6541.70
712.57	6575.20
712.82	6603.40
713.08	6583.70
713.33	6625.90
713.58	6656.50
713.84	6681.20
714.09	6697.90
714.34	6734.70
714.59	6791.20
714.85	6773.60
715.10	6768.30
715.35	6795.90
715.61	6825.40
715.86	6832.30
716.11	6843.00
716.37	6805.40
716.62	6864.20
716.87	6871.20
717.13	6864.40
717.38	6921.40
717.63	6914.10
717.89	6924.60
718.14	6910.20
718.39	6938.90
718.64	6910.70
718.90	6937.70
719.15	7017.80
719.40	6975.90
719.66	6980.40
719.91	7012.80
720.16	7012.00
720.41	6948.30
720.67	7013.50
720.92	6980.50
721.17	6984.70
721.43	7027.30
721.68	7019.40
721.93	7041.30
722.19	7057.40
722.44	7018.70
722.69	7007.70
722.94	7006.70
723.20	7047.60
723.45	7063.30
723.70	7013.20
723.95	7049.20
724.21	7091.60
724.46	7059.10
724.71	7044.20
724.97	7004.40
725.22	7061.90
725.47	7073.00
725.72	7036.10
725.98	6961.30
726.23	7024.10
726.48	6988.20
726.74	7009.90
726.99	7024.10
727.24	7028.10
727.49	7026.50
727.75	7017.70
728.00	7016.70
728.25	6995.90
728.50	6940.60
728.76	6965.00
729.01	6964.90
729.26	6953.70
729.51	6921.30
729.77	6937.20
730.02	6923.90
730.27	6873.60
730.52	6850.40
730.78	6828.40
731.03	6839.80
731.28	6826.50
731.53	6784.10
731.79	6844.80
732.04	6809.60
732.29	6780.20
732.54	6779.60
732.80	6724.40
733.05	6711.00
733.30	6707.90
733.55	6722.10
733.81	6743.00
734.06	6701.60
734.31	6660.30
734.56	6623.40
734.82	6620.60
735.07	6595.20
735.32	6564.50
735.57	6561.80
735.83	6538.00
736.08	6538.60
736.33	6509.60
736.58	6507.40
736.84	6470.50
737.09	6442.60
737.34	6513.80
737.59	6457.70
737.84	6479.30
738.10	6450.80
738.35	6454.70
738.60	6429.90
738.85	6448.30
739.11	6409.10
739.36	6401.30
739.61	6404.50
739.86	6347.40
740.11	6315.50
740.37	6335.60
740.62	6317.60
740.87	6290.90
741.12	6303.50
741.38	6274.70
741.63	6262.10
741.88	6256.60
742.13	6268.70
742.38	6278.70
742.64	6271.30
742.89	6272.40
743.14	6253.50
743.39	6226.90
743.64	6227.00
743.90	6200.30
744.15	6201.80
744.40	6172.20
744.65	6132.40
744.90	6141.00
745.16	6141.90
745.41	6134.50
745.66	6140.60
745.91	6152.10
746.16	6139.40
746.42	6100.70
746.67	6106.80
746.92	6092.70
747.17	6081.80
747.42	6096.40
747.68	6085.60
747.93	6096.90
748.18	6072.50
748.43	6076.50
748.68	6081.90
748.94	6096.40
749.19	6073.90
749.44	6055.10
749.69	6079.50
749.94	6085.00
750.19	6071.20
750.45	6035.60
750.70	6059.60
750.95	6058.30
751.20	6025.10
751.45	6047.50
751.71	6050.10
751.96	6057.40
752.21	6123.00
752.46	6120.50
752.71	6128.30
752.96	6081.30
753.22	6093.90
753.47	6079.10
753.72	6057.70
753.97	6067.20
754.22	6086.80
754.47	6052.80
754.73	6061.10
754.98	6064.50
755.23	6039.20
755.48	6043.00
755.73	6047.90
755.98	5995.20
756.24	6001.20
756.49	6034.90
756.74	5996.00
756.99	6005.50
757.24	5999.50
757.49	6007.20
757.74	6043.40
758.00	6003.00
758.25	5973.00
758.50	5968.50
758.75	5996.20
759.00	6028.10
759.25	6030.50
759.51	6010.60
759.76	6039.20
760.01	6040.10
760.26	6075.60
760.51	6056.50
760.76	6049.10
761.01	6055.90
761.27	6035.20
761.52	6054.80
761.77	6023.50
762.02	6021.10
762.27	6057.40
762.52	6111.40
762.77	6087.00
763.02	6081.50
763.28	6105.10
763.53	6103.10
763.78	6102.00
764.03	6145.20
764.28	6159.10
764.53	6162.80
764.78	6211.10
765.03	6153.20
765.29	6140.80
765.54	6219.60
765.79	6277.90
766.04	6254.00
766.29	6271.80
766.54	6261.10
766.79	6263.10
767.04	6256.90
767.30	6294.90
767.55	6322.20
767.80	6340.70
768.05	6318.70
768.30	6306.60
768.55	6377.10
768.80	6369.60
769.05	6362.10
769.30	6452.10
769.56	6425.40
769.81	6468.60
770.06	6468.10
770.31	6497.10
770.56	6477.60
770.81	6473.30
771.06	6520.50
771.31	6581.10
771.56	6599.60
771.82	6590.80
772.07	6591.00
772.32	6633.90
772.57	6632.60
772.82	6623.70
773.07	6659.50
773.32	6688.40
773.57	6678.20
773.82	6697.60
774.07	6738.90
774.32	6736.70
774.58	6737.80
774.83	6790.70
775.08	6768.00
775.33	6803.00
775.58	6814.60
775.83	6800.90
776.08	6817.50
776.33	6837.30
776.58	6837.70
776.83	6887.00
777.08	6899.20
777.33	6881.10
777.59	6890.30
777.84	6904.60
778.09	6929.40
778.34	6960.90
778.59	6967.20
778.84	7018.10
779.09	7006.10
779.34	6983.30
779.59	7037.80
779.84	7033.00
780.09	7070.30
780.34	7073.30
780.59	7062.30
780.84	7081.50
781.10	7102.70
781.35	7106.50
781.60	7140.80
781.85	7140.50
782.10	7123.00
782.35	7162.70
782.60	7175.70
782.85	7179.80
783.10	7228.20
783.35	7205.70
783.60	7139.10
783.85	7207.00
784.10	7205.40
784.35	7214.90
784.60	7200.40
784.85	7260.10
785.10	7150.00
785.35	7244.70
785.61	7215.70
785.86	7174.40
786.11	7254.50
786.36	7236.50
786.61	7253.00
786.86	7275.80
787.11	7269.80
787.36	7222.80
787.61	7221.30
787.86	7239.10
788.11	7259.00
788.36	7231.50
788.61	7225.60
788.86	7262.60
789.11	7233.90
789.36	7196.10
789.61	7217.80
789.86	7204.60
790.11	7218.40
790.36	7164.50
790.61	7209.80
790.86	7200.40
791.11	7181.60
791.36	7163.40
791.61	7136.60
791.86	7221.50
792.11	7205.20
792.36	7214.70
792.61	7174.80
792.86	7154.20
793.11	7134.00
793.36	7113.70
793.61	7151.80
793.87	7181.90
794.12	7138.70
794.37	7087.80
794.62	7079.70
794.87	7069.00
795.12	7081.00
795.37	7098.50
795.62	7076.40
795.87	7005.60
796.12	7019.40
796.37	7053.40
796.62	6986.00
796.87	6984.40
797.12	6958.80
797.37	6938.80
797.62	6920.40
797.87	6951.30
798.12	6894.20
798.37	6929.40
798.62	6930.80
798.87	6861.50
799.12	6813.40
799.37	6769.20
799.62	6789.80
799.87	6839.90
800.12	6740.90
800.37	6770.20
800.62	6796.40
800.87	6772.50
801.12	6743.30
801.37	6720.20
801.61	6632.00
801.86	6663.30
802.11	6684.00
802.36	6647.60
802.61	6636.40
802.86	6655.20
803.11	6645.60
803.36	6586.30
803.61	6589.30
803.86	6556.20
804.11	6560.90
804.36	6506.90
804.61	6501.80
804.86	6528.60
805.11	6515.60
805.36	6486.00
805.61	6394.90
805.86	6432.20
806.11	6425.30
806.36	6394.30
806.61	6382.50
806.86	6369.60
807.11	6378.00
807.36	6316.00
807.61	6329.50
807.86	6277.00
808.11	6253.50
808.36	6195.80
808.61	6174.80
808.86	6181.70
809.11	6187.50
809.36	6145.80
809.60	6127.00
809.85	6130.20
810.10	6077.20
810.35	6071.10
810.60	6055.40
810.85	6048.90
811.10	6014.20
811.35	6005.60
811.60	5972.10
811.85	5924.40
812.10	5924.80
812.35	5891.40
812.60	5908.40
812.85	5885.20
813.10	5872.00
813.35	5850.00
813.60	5820.20
813.85	5838.70
814.09	5842.70
814.34	5826.00
814.59	5809.50
814.84	5761.60
815.09	5777.80
815.34	5754.40
815.59	5725.20
815.84	5747.90
816.09	5750.30
816.34	5738.30
816.59	5681.80
816.84	5672.60
817.09	5640.30
817.34	5625.50
817.58	5602.90
817.83	5593.00
818.08	5601.30
818.33	5608.80
818.58	5561.40
818.83	5562.80
819.08	5572.40
819.33	5566.80
819.58	5532.30
819.83	5522.50
820.08	5502.60
820.33	5515.70
820.57	5492.00
820.82	5504.30
821.07	5494.50
821.32	5471.90
821.57	5455.40
821.82	5421.70
822.07	5408.00
822.32	5388.50
822.57	5388.70
822.82	5410.50
823.07	5405.50
823.31	5401.40
823.56	5363.20
823.81	5337.80
824.06	5331.30
824.31	5343.50
824.56	5299.00
824.81	5298.90
825.06	5286.00
825.31	5281.90
825.55	5257.90
825.80	5249.80
826.05	5264.00
826.30	5269.40
826.55	5260.80
826.80	5270.10
827.05	5245.50
827.30	5233.80
827.55	5239.20
827.79	5230.70
828.04	5231.70
828.29	5213.20
828.54	5235.90
828.79	5223.50
829.04	5199.20
829.29	5198.50
829.54	5218.70
829.78	5236.20
830.03	5234.20
830.28	5217.70
830.53	5219.50
830.78	5212.60
831.03	5213.50
831.28	5159.80
831.53	5136.30
831.77	5163.40
832.02	5177.30
832.27	5193.40
832.52	5189.90
832.77	5146.90
833.02	5184.80
833.27	5208.10
833.51	5218.90
833.76	5219.70
834.01	5211.90
834.26	5196.20
834.51	5181.50
834.76	5214.40
835.01	5210.70
835.25	5207.70
835.50	5200.90
835.75	5203.70
836.00	5248.90
836.25	5261.40
836.50	5226.60
836.75	5226.10
836.99	5195.50
837.24	5218.80
837.49	5225.30
837.74	5195.40
837.99	5209.50
838.24	5254.70
838.48	5273.40
838.73	5265.50
838.98	5243.90
839.23	5246.40
839.48	5244.80
839.73	5209.80
839.97	5231.70
840.22	5200.20
840.47	5220.50
840.72	5266.30
840.97	5285.20
841.22	5273.10
841.46	5256.50
841.71	5242.40
841.96	5237.20
842.21	5221.10
842.46	5267.10
842.71	5314.60
842.95	5292.20
843.20	5266.40
843.45	5277.80
843.70	5269.30
843.95	5299.80
844.20	5304.90
844.44	5266.20
844.69	5309.60
844.94	5327.50
845.19	5335.40
845.44	5337.60
845.68	5344.20
845.93	5356.40
846.18	5350.20
846.43	5341.10
846.68	5355.40
846.92	5366.20
847.17	5342.70
847.42	5358.50
847.67	5387.90
847.92	5391.70
848.16	5423.10
848.41	5449.10
848.66	5448.80
848.91	5440.50
849.16	5473.70
849.40	5435.60
849.65	5451.90
849.90	5422.70
850.15	5414.10
850.40	5459.10
850.64	5431.60
850.89	5421.70
851.14	5409.50
851.39	5427.40
851.64	5463.90
851.88	5467.30
852.13	5513.30
852.38	5507.80
852.63	5510.60
852.87	5543.50
853.12	5526.90
853.37	5533.50
853.62	5550.70
853.87	5542.50
854.11	5536.00
854.36	5539.10
854.61	5537.50
854.86	5557.90
855.10	5546.30
855.35	5553.40
855.60	5575.50
855.85	5546.40
856.10	5557.60
856.34	5544.50
856.59	5575.30
856.84	5576.40
857.09	5606.40
857.33	5606.30
857.58	5617.30
857.83	5599.80
858.08	5627.20
858.32	5624.40
858.57	5603.40
858.82	5661.30
859.07	5657.80
859.31	5620.50
859.56	5646.30
859.81	5667.40
860.06	5660.30
860.30	5650.20
860.55	5655.10
860.80	5622.70
861.05	5665.20
861.29	5656.50
861.54	5655.00
861.79	5626.90
862.04	5673.80
862.28	5643.90
862.53	5662.30
862.78	5670.50
863.03	5688.00
863.27	5682.90
863.52	5704.70
863.77	5704.20
864.02	5704.70
864.26	5709.50
864.51	5686.70
864.76	5719.50
865.01	5702.20
865.25	5673.30
865.50	5711.20
865.75	5691.20
866.00	5694.50
866.24	5680.60
866.49	5692.40
866.74	5667.40
866.98	5669.70
867.23	5664.00
867.48	5677.30
867.73	5654.80
867.97	5602.60
868.22	5613.40
868.47	5640.60
868.71	5601.10
868.96	5603.40
869.21	5585.00
869.46	5572.20
869.70	5537.00
869.95	5557.10
870.20	5561.00
870.44	5566.80
870.69	5540.70
870.94	5538.00
871.19	5543.60
871.43	5559.50
871.68	5485.00
871.93	5509.10
872.17	5514.40
872.42	5517.10
872.67	5506.60
872.92	5517.80
873.16	5519.60
873.41	5482.10
873.66	5463.80
873.90	5450.20
874.15	5491.90
874.40	5480.20
874.64	5455.70
874.89	5460.70
875.14	5436.60
875.39	5414.70
875.63	5392.90
875.88	5447.90
876.13	5450.20
876.37	5433.50
876.62	5412.20
876.87	5414.40
877.11	5380.00
877.36	5332.20
877.61	5354.20
877.85	5331.90
878.10	5329.60
878.35	5391.30
878.59	5310.20
878.84	5301.00
879.09	5288.30
879.33	5332.00
879.58	5257.60
879.83	5282.20
880.07	5276.20
880.32	5261.00
880.57	5240.90
880.81	5237.20
881.06	5249.10
881.31	5202.60
881.55	5191.80
881.80	5184.20
882.05	5194.20
882.29	5170.00
882.54	5141.30
882.79	5106.90
883.03	5124.60
883.28	5103.70
883.53	5060.10
883.77	5111.10
884.02	5078.90
884.27	5081.00
884.51	5082.10
884.76	5073.00
885.01	5000.20
885.25	5044.10
885.50	5054.40
885.75	5014.40
885.99	4952.80
886.24	4948.40
886.49	4942.80
886.73	4937.90
886.98	4912.50
887.23	4945.10
887.47	4944.50
887.72	4913.20
887.96	4916.60
888.21	4933.10
888.46	4900.40
888.70	4856.70
888.95	4822.60
889.20	4823.30
889.44	4814.90
889.69	4795.90
889.94	4790.50
890.18	4767.60
890.43	4768.40
890.67	4719.10
890.92	4693.00
891.17	4687.30
891.41	4733.70
891.66	4690.40
891.91	4684.90
892.15	4656.90
892.40	4640.80
892.64	4625.20
892.89	4625.30
893.14	4602.30
893.38	4563.00
893.63	4541.70
893.88	4533.50
894.12	4520.50
894.37	4512.30
894.61	4486.90
894.86	4496.80
895.11	4493.40
895.35	4483.60
895.60	4477.80
895.84	4445.10
896.09	4438.30
896.34	4442.90
896.58	4435.70
896.83	4404.20
897.07	4380.20
897.32	4394.50
897.57	4366.00
897.81	4342.80
898.06	4342.60
898.30	4340.20
898.55	4325.50
898.80	4307.90
899.04	4298.50
899.29	4253.60
899.53	4253.10
899.78	4262.40
900.03	4242.20
900.27	4200.20
900.52	4207.90
900.76	4188.30
901.01	4202.50
901.26	4173.40
901.50	4150.80
901.75	4124.30
901.99	4129.30
902.24	4131.80
902.48	4106.10
902.73	4106.20
902.98	4109.00
903.22	4095.90
903.47	4081.50
903.71	4055.10
903.96	4041.10
904.21	4022.20
904.45	4034.20
904.70	4008.10
904.94	3995.40
905.19	3993.80
905.43	4010.20
905.68	3984.00
905.93	3971.20
906.17	3967.40
906.42	3952.90
906.66	3929.70
906.91	3893.60
907.15	3887.70
907.40	3883.40
907.64	3878.10
907.89	3861.50
908.14	3832.30
908.38	3827.40
908.63	3802.30
908.87	3790.00
909.12	3810.30
909.36	3800.00
909.61	3770.30
909.85	3760.40
910.10	3766.70
910.35	3757.90
910.59	3743.70
910.84	3705.80
911.08	3714.70
911.33	3719.70
911.57	3703.80
911.82	3709.80
912.06	3681.80
912.31	3642.00
912.55	3645.90
912.80	3658.60
913.05	3641.10
913.29	3605.80
913.54	3622.10
913.78	3599.90
914.03	3595.40
914.27	3584.90
914.52	3578.70
914.76	3564.30
915.01	3560.70
915.25	3533.90
915.50	3511.80
915.74	3495.40
915.99	3499.10
916.23	3474.40
916.48	3507.80
916.72	3505.40
916.97	3486.90
917.22	3460.60
917.46	3449.30
917.71	3431.30
917.95	3420.20
918.20	3425.20
918.44	3433.00
918.69	3433.60
918.93	3445.50
919.18	3437.90
919.42	3441.70
919.67	3446.70
919.91	3448.80
920.16	3405.80
920.40	3409.90
920.65	3427.40
920.89	3409.80
921.14	3394.90
921.38	3362.70
921.63	3365.00
921.87	3376.90
922.12	3358.70
922.36	3327.30
922.61	3327.30
922.85	3327.00
923.10	3319.40
923.34	3289.60
923.59	3288.50
923.83	3283.10
924.08	3299.50
924.32	3313.10
924.57	3330.10
924.81	3353.70
925.06	3335.40
925.30	3314.90
925.55	3302.90
925.79	3311.60
926.04	3272.20
926.28	3248.70
926.53	3256.70
926.77	3251.70
927.01	3244.40
927.26	3254.00
927.50	3233.00
927.75	3225.30
927.99	3219.00
928.24	3213.70
928.48	3203.30
928.73	3200.00
928.97	3179.70
929.22	3179.40
929.46	3211.20
929.71	3206.70
929.95	3196.30
930.20	3176.40
930.44	3160.70
930.69	3164.00
930.93	3146.50
931.17	3158.80
931.42	3141.60
931.66	3105.20
931.91	3100.20
932.15	3076.40
932.40	3082.10
932.64	3075.00
932.89	3039.40
933.13	3007.00
933.38	2996.30
933.62	3000.00
933.86	2962.00
934.11	2928.80
934.35	2919.50
934.60	2885.50
934.84	2846.30
935.09	2849.80
935.33	2822.90
935.58	2801.60
935.82	2749.90
936.06	2711.30
936.31	2716.30
936.55	2705.50
936.80	2675.00
937.04	2667.40
937.29	2630.70
937.53	2596.50
937.78	2568.90
938.02	2573.10
938.26	2552.90
938.51	2536.00
938.75	2531.70
939.00	2522.60
939.24	2506.00
939.49	2467.80
939.73	2474.00
939.97	2437.00
940.22	2404.10
940.46	2406.00
940.71	2393.50
940.95	2375.40
941.20	2367.60
941.44	2349.70
941.68	2341.80
941.93	2340.30
942.17	2333.80
942.42	2326.70
942.66	2322.30
942.90	2337.90
943.15	2333.60
943.39	2342.30
943.64	2333.90
943.88	2340.80
944.12	2352.20
944.37	2372.00
944.61	2376.80
944.86	2383.00
945.10	2381.10
945.35	2386.80
945.59	2381.80
945.83	2387.60
946.08	2369.80
946.32	2367.10
946.57	2372.40
946.81	2400.90
947.05	2415.50
947.30	2424.10
947.54	2448.80
947.78	2463.80
948.03	2449.00
948.27	2451.80
948.52	2459.60
948.76	2475.80
949.00	2497.90
949.25	2485.30
949.49	2495.80
949.74	2504.80
949.98	2521.80
950.22	2529.00
950.47	2540.20
950.71	2560.80
950.95	2542.40
951.20	2543.10
951.44	2544.40
951.69	2541.60
951.93	2557.00
952.17	2551.90
952.42	2554.30
952.66	2571.30
952.90	2578.90
953.15	2593.90
953.39	2585.50
953.64	2588.60
953.88	2606.40
954.12	2610.60
954.37	2609.90
954.61	2616.90
954.85	2622.60
955.10	2606.20
955.34	2618.20
955.58	2619.90
955.83	2635.30
956.07	2614.80
956.32	2624.10
956.56	2655.10
956.80	2645.50
957.05	2641.50
957.29	2643.70
957.53	2634.80
957.78	2638.10
958.02	2632.50
958.26	2632.90
958.51	2641.80
958.75	2614.30
958.99	2624.10
959.24	2647.80
959.48	2658.20
959.72	2661.60
959.97	2658.20
960.21	2653.50
960.45	2652.20
960.70	2639.80
960.94	2643.90
961.18	2645.40
961.43	2643.20
961.67	2627.80
961.91	2633.70
962.16	2612.90
962.40	2632.30
962.64	2623.00
962.89	2621.80
963.13	2602.00
963.37	2604.00
963.62	2576.80
963.86	2579.00
964.10	2574.20
964.35	2566.90
964.59	2564.10
964.83	2562.70
965.08	2574.90
965.32	2568.90
965.56	2561.20
965.81	2570.30
966.05	2563.70
966.29	2555.40
966.54	2547.50
966.78	2542.70
967.02	2534.30
967.27	2541.30
967.51	2545.40
967.75	2560.30
967.99	2536.80
968.24	2527.40
968.48	2535.90
968.72	2529.50
968.97	2516.90
969.21	2516.30
969.45	2501.10
969.70	2492.90
969.94	2487.40
970.18	2491.40
970.42	2511.10
970.67	2497.60
970.91	2484.70
971.15	2461.90
971.40	2472.30
971.64	2461.60
971.88	2440.30
972.12	2426.30
972.37	2406.00
972.61	2411.40
972.85	2422.70
973.10	2411.80
973.34	2391.60
973.58	2392.80
973.82	2383.20
974.07	2359.40
974.31	2365.80
974.55	2340.70
974.80	2341.60
975.04	2332.80
975.28	2327.80
975.52	2330.60
975.77	2320.30
976.01	2314.20
976.25	2317.20
976.50	2288.40
976.74	2262.00
976.98	2265.40
977.22	2283.40
977.47	2271.10
977.71	2248.20
977.95	2219.90
978.19	2229.70
978.44	2204.10
978.68	2197.50
978.92	2188.60
979.16	2189.40
979.41	2198.50
979.65	2203.00
979.89	2183.80
980.13	2162.90
980.38	2134.50
980.62	2128.30
980.86	2126.30
981.10	2119.50
981.35	2096.30
981.59	2113.70
981.83	2115.00
982.07	2089.80
982.32	2104.50
982.56	2058.00
982.80	2030.00
983.04	2039.30
983.29	2044.20
983.53	2020.10
983.77	2015.50
984.01	2015.40
984.26	1972.80
984.50	1965.20
984.74	1969.50
984.98	1965.90
985.23	1948.10
985.47	1936.00
985.71	1908.80
985.95	1918.40
986.19	1910.50
986.44	1893.10
986.68	1893.00
986.92	1878.40
987.16	1866.40
987.41	1852.70
987.65	1839.20
987.89	1830.30
988.13	1836.40
988.37	1816.00
988.62	1810.30
988.86	1794.40
989.10	1792.70
989.34	1781.70
989.59	1760.70
989.83	1772.10
990.07	1768.20
990.31	1759.30
990.55	1744.30
990.80	1733.50
991.04	1731.20
991.28	1738.80
991.52	1720.70
991.76	1712.90
992.01	1705.60
992.25	1685.80
992.49	1684.30
992.73	1675.10
992.97	1671.00
993.22	1676.40
993.46	1662.30
993.70	1660.60
993.94	1648.60
994.18	1631.30
994.43	1628.40
994.67	1620.20
994.91	1587.50
995.15	1587.20
995.39	1576.10
995.64	1560.40
995.88	1556.70
996.12	1533.30
996.36	1522.70
996.60	1521.00
996.84	1521.70
997.09	1505.00
997.33	1493.40
997.57	1482.40
997.81	1477.90
998.05	1463.50
998.30	1450.20
998.54	1446.50
998.78	1457.90
999.02	1439.60
999.26	1423.00
999.50	1412.60
999.75	1409.70
999.99	1398.50
1000.23	1391.90
1000.47	1381.20
1000.71	1378.60
1000.95	1369.70
1001.20	1372.30
1001.44	1349.10
1001.68	1329.90
1001.92	1313.60
1002.16	1317.80
1002.40	1308.40
1002.65	1289.60
1002.89	1276.40
1003.13	1265.50
1003.37	1267.70
1003.61	1266.20
1003.85	1253.60
1004.09	1248.50
1004.34	1241.20
1004.58	1243.10
1004.82	1225.40
1005.06	1213.40
1005.30	1216.90
1005.54	1206.40
1005.78	1206.10
1006.03	1193.90
1006.27	1186.70
1006.51	1172.60
1006.75	1158.70
1006.99	1145.50
1007.23	1145.90
1007.47	1150.70
1007.72	1149.60
1007.96	1128.00
1008.20	1108.50
1008.44	1106.30
1008.68	1110.20
1008.92	1107.40
1009.16	1092.10
1009.40	1090.80
1009.65	1089.70
1009.89	1081.50
1010.13	1082.00
1010.37	1069.00
1010.61	1072.10
1010.85	1066.40
1011.09	1053.70
1011.33	1052.30
1011.58	1047.20
1011.82	1043.10
1012.06	1036.20
1012.30	1055.50
1012.54	1036.80
1012.78	1029.00
1013.02	1022.00
1013.26	1011.70
1013.50	1004.70
1013.75	1008.30
1013.99	994.10
1014.23	998.90
1014.47	990.30
1014.71	983.70
1014.95	986.60
1015.19	977.70
1015.43	970.10
1015.67	964.90
1015.92	973.00
1016.16	964.60
1016.40	957.20
1016.64	946.00
1016.88	944.20
1017.12	941.90
1017.36	933.50
1017.60	928.30
1017.84	936.10
1018.08	922.30
1018.32	920.60
1018.57	913.90
1018.81	914.50
1019.05	912.30
1019.29	909.40
1019.53	905.40
1019.77	892.40
1020.01	892.20
1020.25	892.30
1020.49	875.30
1020.73	874.80
1020.97	872.40
1021.21	862.70
1021.45	866.60
1021.70	866.50
1021.94	859.80
1022.18	851.50
1022.42	851.10
1022.66	841.20
1022.90	837.90
1023.14	830.80
1023.38	821.70
1023.62	824.60
1023.86	821.70
1024.10	814.10
1024.34	812.60
1024.58	808.50
1024.82	798.80
1025.06	788.80
1025.31	793.00
1025.55	791.30
1025.79	787.00
1026.03	771.90
1026.27	772.20
1026.51	768.00
1026.75	775.10
1026.99	767.50
1027.23	749.70
1027.47	742.20
1027.71	753.60
1027.95	751.20
1028.19	749.40
1028.43	743.10
1028.67	740.50
1028.91	731.20
1029.15	719.40
1029.39	722.70
1029.63	717.30
1029.87	710.80
1030.11	693.90
1030.36	696.80
1030.60	703.50
1030.84	694.90
1031.08	696.60
1031.32	684.60
1031.56	694.30
1031.80	680.90
1032.04	664.10
1032.28	671.30
1032.52	667.20
1032.76	657.20
1033.00	655.60
1033.24	655.70
1033.48	646.50
1033.72	637.90
1033.96	630.00
1034.20	639.00
1034.44	645.60
1034.68	630.10
1034.92	626.40
1035.16	624.70
1035.40	622.10
1035.64	607.10
1035.88	608.00
1036.12	598.50
1036.36	595.30
1036.60	579.30
1036.84	586.10
1037.08	592.30
1037.32	583.10
1037.56	585.50
1037.80	582.70
1038.04	564.20
1038.28	570.40
1038.52	569.20
1038.76	578.60
1039.00	573.70
1039.24	557.00
1039.48	562.10
1039.72	551.30
1039.96	550.60
1040.20	553.60
1040.44	538.40
1040.68	529.70
1040.92	535.40
1041.16	538.30
1041.40	535.10
1041.64	536.20
1041.88	523.50
1042.12	535.30
1042.36	515.50
1042.60	514.20
1042.84	518.90
1043.08	517.00
1043.32	511.60
1043.56	512.30
1043.80	491.40
1044.04	497.40
1044.28	501.00
1044.52	495.80
1044.76	487.10
1045.00	490.00
1045.24	488.60
1045.48	482.80
1045.72	469.30
1045.96	474.00
1046.19	471.90
1046.43	462.20
1046.67	467.00
1046.91	458.40
1047.15	466.90
1047.39	467.30
1047.63	454.90
1047.87	449.90
1048.11	452.10
1048.35	445.50
1048.59	447.60
1048.83	447.90
1049.07	444.20
1049.31	446.60
1049.55	448.40
1049.79	435.50
1050.03	435.50
1050.27	434.90
1050.51	436.00
1050.75	438.30
1050.99	432.30
1051.22	427.60
1051.46	415.80
1051.70	417.80
1051.94	415.60
1052.18	410.10
1052.42	404.90
1052.66	410.10
1052.90	405.40
1053.14	408.10
1053.38	399.10
1053.62	396.10
1053.86	398.90
1054.10	386.40
1054.34	385.40
1054.58	388.50
1054.81	381.90
1055.05	384.10
1055.29	380.60
1055.53	379.40
1055.77	373.90
1056.01	381.10
1056.25	376.00
1056.49	375.20
1056.73	371.90
1056.97	372.70
1057.21	356.20
1057.45	358.80
1057.69	361.70
1057.92	359.10
1058.16	361.40
1058.40	359.30
1058.64	353.30
1058.88	348.90
1059.12	344.60
1059.36	346.70
1059.60	336.60
1059.84	336.70
1060.08	345.70
1060.31	343.30
1060.55	341.60
1060.79	337.50
1061.03	330.70
1061.27	332.50
1061.51	331.60
1061.75	333.10
1061.99	321.70
1062.23	316.80
1062.47	321.70
1062.70	315.50
1062.94	314.60
1063.18	318.20
1063.42	310.50
1063.66	312.50
1063.90	315.30
1064.14	308.30
1064.38	302.70
1064.62	303.20
1064.85	298.30
1065.09	301.20
1065.33	299.70
1065.57	298.00
1065.81	292.80
1066.05	295.20
1066.29	301.30
1066.53	303.50
1066.76	294.60
1067.00	297.50
1067.24	291.90
1067.48	289.80
1067.72	282.20
1067.96	278.50
1068.20	273.30
1068.43	275.10
1068.67	279.80
1068.91	282.20
1069.15	287.70
1069.39	282.80
1069.63	277.10
1069.87	276.70
1070.11	277.80
1070.34	273.90
1070.58	267.70
1070.82	281.20
1071.06	272.50
1071.30	274.30
1071.54	260.40
1071.77	261.60
1072.01	265.50
1072.25	259.70
1072.49	257.90
1072.73	268.50
1072.97	263.90
1073.21	258.70
1073.44	263.70
1073.68	266.40
1073.92	256.40
1074.16	257.70
1074.40	251.50
1074.64	253.60
1074.87	245.80
1075.11	243.90
1075.35	244.30
1075.59	243.30
1075.83	244.90
1076.07	242.40
1076.30	242.10
1076.54	231.80
1076.78	231.00
1077.02	233.10
1077.26	233.20
1077.50	227.30
1077.73	232.40
1077.97	236.50
1078.21	231.60
1078.45	232.10
1078.69	230.60
1078.92	214.30
1079.16	217.40
1079.40	234.60
1079.64	224.70
1079.88	224.60
1080.12	224.70
1080.35	226.20
1080.59	219.00
1080.83	223.10
1081.07	218.40
1081.31	219.40
1081.54	218.50
1081.78	218.10
1082.02	215.50
1082.26	215.60
1082.50	216.30
1082.73	212.80
1082.97	202.00
1083.21	207.60
1083.45	216.30
1083.69	213.70
1083.92	197.60
1084.16	194.40
1084.40	199.00
1084.64	204.90
1084.88	206.30
1085.11	197.60
1085.35	186.90
1085.59	179.20
1085.83	181.80
1086.06	187.60
1086.30	176.10
1086.54	173.50
1086.78	169.00
1087.02	161.50
1087.25	171.40
1087.49	169.40
1087.73	169.80
1087.97	176.40
1088.20	166.40
1088.44	162.80
1088.68	165.00
1088.92	167.30
1089.16	164.80
1089.39	153.40
1089.63	151.10
1089.87	152.40
1090.11	156.70
1090.34	164.20
1090.58	145.90
1090.82	142.90
1091.06	141.70
1091.29	150.80
1091.53	147.60
1091.77	152.80
1092.01	132.70
1092.24	135.60
1092.48	132.90
1092.72	131.70
1092.96	125.40
1093.20	129.60
1093.43	133.20
1093.67	135.20
1093.91	127.80
1094.15	128.90
1094.38	125.70
1094.62	120.10
1094.86	113.60
1095.09	121.90
1095.33	112.40
1095.57	118.70
1095.81	113.60
1096.04	116.00
1096.28	100.30
1096.52	96.10
1096.76	104.90
1096.99	104.10
1097.23	102.40
1097.47	104.10
1097.71	101.40
1097.94	107.90
1098.18	105.70
1098.42	103.50
1098.65	95.40
1098.89	91.20
1099.13	87.90
1099.37	85.50
1099.60	87.80
1099.84	85.50
1100.08	80.30
1100.32	84.50
1100.55	87.40
1100.79	93.10
1101.03	90.20
1101.26	86.00
1101.50	74.40
1101.74	82.40
1101.98	83.70
1102.21	73.90
1102.45	76.00
1102.69	75.40
1102.92	73.80
1103.16	65.60
1103.40	70.20
1103.64	71.10
1103.87	75.10
1104.11	65.50
1104.35	62.70
1104.58	72.70
1104.82	70.90
1105.06	69.20
1105.29	66.30
1105.53	59.50
1105.77	58.20
1106.00	60.20
1106.24	60.10
1106.48	54.00
1106.72	62.40
1106.95	65.20
1107.19	49.00
1107.43	45.00
1107.66	55.30
1107.90	50.80
1108.14	47.30
1108.37	47.90
1108.61	51.60
1108.85	46.60
1109.08	50.00
1109.32	44.00
1109.56	34.40
1109.79	37.90
1110.03	38.30
1110.27	44.70
1110.50	39.10
1110.74	44.00
1110.98	35.00
1111.21	44.40
1111.45	46.30
1111.69	41.40
1111.92	35.40
1112.16	34.30
1112.40	35.20
1112.63	43.50
1112.87	33.10
1113.11	37.50
1113.34	37.30
1113.58	35.10
1113.82	30.10
1114.05	39.60
1114.29	35.20
1114.53	33.30
1114.76	33.50
1115.00	28.20
1115.24	25.00
1115.47	30.70
1115.71	31.70
1115.95	33.90
1116.18	30.90
1116.42	29.70
1116.66	24.60
1116.89	26.00
1117.13	26.10
1117.36	26.60
1117.60	26.60
1117.84	20.40
1118.07	17.40
1118.31	22.40
1118.55	24.00
1118.78	27.50
1119.02	23.10
1119.26	12.80
1119.49	23.20
1119.73	23.60
1119.96	17.80
1120.20	24.10
1120.44	21.60
1120.67	13.80
1120.91	14.10
1121.15	14.50
1121.38	17.70
1121.62	17.20
