194.94	-12.50
195.21	-12.50
195.48	-12.50
195.75	1.10
196.02	-2.10
196.29	-7.90
196.56	-3.00
196.83	5.50
197.10	8.20
197.37	-5.70
197.64	3.90
197.91	-0.30
198.18	3.20
198.45	-5.80
198.72	-6.30
198.99	-0.50
199.26	4.40
199.53	0.40
199.80	-7.40
200.07	-1.20
200.34	-4.00
200.61	4.60
200.87	-0.70
201.14	4.30
201.41	-4.50
201.68	-8.20
201.95	-3.70
202.22	0.30
202.49	1.80
202.76	8.90
203.03	2.60
203.30	-1.50
203.57	-4.10
203.84	-10.30
204.11	0.70
204.38	-2.90
204.65	2.20
204.92	2.10
205.19	-5.80
205.46	-4.10
205.73	-2.90
206.00	-8.40
206.27	-1.60
206.54	-5.80
206.80	-7.20
207.07	-6.30
207.34	-8.20
207.61	-1.60
207.88	-1.60
208.15	-2.10
208.42	3.10
208.69	1.70
208.96	0.60
209.23	-5.60
209.50	-6.00
209.77	-2.70
210.04	-0.70
210.31	-10.50
210.58	-10.60
210.85	-4.50
211.11	-11.10
211.38	-9.90
211.65	-1.40
211.92	7.70
212.19	-2.50
212.46	-23.10
212.73	-12.90
213.00	0.90
213.27	2.40
213.54	0.10
213.81	1.10
214.08	1.10
214.35	-2.80
214.62	-1.70
214.88	-5.60
215.15	-10.00
215.42	-12.60
215.69	-17.40
215.96	-3.30
216.23	5.50
216.50	5.30
216.77	-4.80
217.04	1.70
217.31	-6.60
217.58	-9.50
217.85	-16.50
218.12	-3.80
218.38	-4.70
218.65	-1.80
218.92	-2.80
219.19	-10.30
219.46	-10.40
219.73	0.40
220.00	-3.30
220.27	-1.00
220.54	1.70
220.81	-4.90
221.08	-10.80
221.34	-5.50
221.61	-1.10
221.88	1.70
222.15	-5.40
222.42	2.80
222.69	4.70
222.96	8.80
223.23	10.90
223.50	-3.30
223.77	-5.40
224.03	-8.40
224.30	-7.10
224.57	-6.60
224.84	-2.10
225.11	-5.00
225.38	-4.50
225.65	0.20
225.92	3.60
226.19	-8.40
226.46	-8.90
226.72	-0.40
226.99	-0.20
227.26	-4.60
227.53	3.00
227.80	1.50
228.07	-6.40
228.34	-7.90
228.61	-7.10
228.88	-2.10
229.14	-5.50
229.41	-3.00
229.68	-1.70
229.95	0.00
230.22	-1.70
230.49	-4.30
230.76	-2.90
231.03	-4.30
231.29	0.70
231.56	-0.30
231.83	-1.70
232.10	-3.60
232.37	-11.80
232.64	-5.00
232.91	-6.60
233.18	-2.60
233.44	1.50
233.71	-3.00
233.98	-7.50
234.25	-8.40
234.52	-3.30
234.79	-5.30
235.06	-8.70
235.33	-13.30
235.59	-4.40
235.86	-7.20
236.13	-11.80
236.40	-11.20
236.67	-6.60
236.94	-5.30
237.21	-7.90
237.47	-2.70
237.74	3.60
238.01	-1.00
238.28	0.00
238.55	-12.20
238.82	1.30
239.09	-1.70
239.35	-7.30
239.62	-0.90
239.89	-1.20
240.16	-2.70
240.43	-5.10
240.70	-9.10
240.97	0.50
241.23	-11.10
241.50	-3.30
241.77	-5.10
242.04	-7.60
242.31	-3.60
242.58	-12.60
242.84	-11.40
243.11	-1.50
243.38	-5.10
243.65	-8.90
243.92	3.90
244.19	4.40
244.46	-0.20
244.72	-9.60
244.99	-8.20
245.26	-5.70
245.53	-10.60
245.80	-5.70
246.07	-1.50
246.33	-2.00
246.60	2.30
246.87	-6.40
247.14	2.10
247.41	-5.10
247.68	4.40
247.94	5.50
248.21	-2.20
248.48	-2.80
248.75	-2.40
249.02	-9.60
249.29	-7.10
249.55	-3.20
249.82	-3.20
250.09	-5.80
250.36	-8.00
250.63	-9.80
250.89	-6.80
251.16	-12.70
251.43	-8.80
251.70	-10.90
251.97	-12.00
252.24	-11.00
252.50	-3.20
252.77	-4.80
253.04	-5.50
253.31	-7.90
253.58	-9.50
253.84	-6.00
254.11	-6.60
254.38	-6.40
254.65	-1.20
254.92	-2.50
255.19	-2.10
255.45	-16.70
255.72	-7.20
255.99	-2.70
256.26	-9.20
256.53	-2.90
256.79	-9.00
257.06	-13.60
257.33	-4.40
257.60	-9.30
257.87	-3.00
258.13	1.10
258.40	-1.80
258.67	-1.40
258.94	-9.40
259.21	-2.00
259.47	-1.40
259.74	-10.20
260.01	-18.60
260.28	-10.00
260.55	-8.40
260.81	-17.20
261.08	-13.20
261.35	-6.50
261.62	-4.70
261.89	-14.40
262.15	-4.00
262.42	-6.10
262.69	2.30
262.96	-7.20
263.23	-7.60
263.49	-2.30
263.76	-5.00
264.03	-16.40
264.30	-7.80
264.56	-5.30
264.83	-3.80
265.10	-10.20
265.37	-5.80
265.64	-2.80
265.90	-6.00
266.17	-7.80
266.44	-1.30
266.71	-6.30
266.97	-4.70
267.24	-8.70
267.51	-3.60
267.78	-5.50
268.05	0.50
268.31	-3.50
268.58	-1.40
268.85	4.20
269.12	-4.30
269.38	-8.40
269.65	-15.60
269.92	-10.90
270.19	-11.80
270.45	-3.80
270.72	-3.90
270.99	-0.80
271.26	-2.60
271.53	-7.20
271.79	1.40
272.06	5.40
272.33	-8.40
272.60	-16.20
272.86	-13.70
273.13	-4.70
273.40	-1.60
273.67	-4.50
273.93	1.00
274.20	-2.60
274.47	-9.60
274.74	-3.60
275.00	-5.80
275.27	-9.10
275.54	-9.80
275.81	-4.10
276.07	1.50
276.34	2.40
276.61	2.40
276.88	-12.20
277.14	-2.20
277.41	0.10
277.68	-4.50
277.95	-2.50
278.21	0.90
278.48	-1.40
278.75	0.80
279.02	-5.20
279.28	-4.70
279.55	-11.50
279.82	-0.60
280.09	2.30
280.35	-14.80
280.62	-0.80
280.89	-5.80
281.16	-13.30
281.42	-1.30
281.69	-5.70
281.96	4.30
282.22	-1.30
282.49	-7.50
282.76	-1.00
283.03	1.10
283.29	-2.70
283.56	-4.20
283.83	-6.50
284.10	-4.60
284.36	-4.90
284.63	-12.10
284.90	2.50
285.16	0.40
285.43	-1.80
285.70	1.30
285.97	-3.20
286.23	-4.00
286.50	-5.50
286.77	-8.80
287.04	-5.10
287.30	-2.90
287.57	-5.10
287.84	5.20
288.10	-6.30
288.37	-1.90
288.64	-0.60
288.91	-6.20
289.17	-7.60
289.44	6.50
289.71	-0.10
289.97	-2.00
290.24	-2.10
290.51	-7.50
290.78	-4.80
291.04	1.30
291.31	-0.60
291.58	1.40
291.84	-5.20
292.11	-3.00
292.38	-1.90
292.64	2.40
292.91	-4.40
293.18	-10.30
293.45	-4.10
293.71	-0.30
293.98	-10.80
294.25	-5.80
294.51	-2.30
294.78	-7.20
295.05	-9.60
295.31	-6.50
295.58	-2.50
295.85	-7.20
296.12	-10.20
296.38	-13.30
296.65	-4.40
296.92	0.30
297.18	-6.70
297.45	-4.20
297.72	2.00
297.98	-3.80
298.25	-12.10
298.52	2.70
298.78	1.40
299.05	-4.10
299.32	-2.60
299.58	-5.90
299.85	-4.40
300.12	-3.70
300.39	1.20
300.65	-3.70
300.92	-2.00
301.19	-0.50
301.45	5.20
301.72	-6.70
301.99	-5.50
302.25	-10.00
302.52	-10.30
302.79	-6.40
303.05	-9.60
303.32	-7.00
303.59	-1.60
303.85	-4.20
304.12	-1.00
304.39	-6.00
304.65	0.60
304.92	2.60
305.19	-1.40
305.45	-8.30
305.72	-10.00
305.99	-10.80
306.25	-6.20
306.52	-6.50
306.79	-3.20
307.05	6.90
307.32	2.90
307.59	-6.80
307.85	-13.00
308.12	-6.20
308.39	-1.70
308.65	-1.50
308.92	3.80
309.19	-5.10
309.45	2.00
309.72	-1.20
309.98	1.20
310.25	7.30
310.52	-3.80
310.78	-2.70
311.05	-4.60
311.32	-8.70
311.58	-13.20
311.85	-13.00
312.12	-12.90
312.38	-1.70
312.65	-2.70
312.92	-1.10
313.18	1.70
313.45	-4.00
313.72	-5.90
313.98	-5.00
314.25	-12.50
314.51	-1.10
314.78	7.70
315.05	2.40
315.31	-2.80
315.58	-4.10
315.85	3.20
316.11	0.20
316.38	-7.50
316.65	-11.70
316.91	-3.60
317.18	-12.80
317.44	-12.40
317.71	-10.60
317.98	-2.80
318.24	-11.90
318.51	-21.30
318.78	-7.40
319.04	2.10
319.31	-5.10
319.57	-1.30
319.84	4.20
320.11	1.00
320.37	2.90
320.64	-8.20
320.91	-5.40
321.17	1.90
321.44	-0.90
321.70	-6.90
321.97	-1.00
322.24	-4.80
322.50	-11.30
322.77	-13.20
323.03	0.80
323.30	-2.30
323.57	-6.30
323.83	3.70
324.10	2.10
324.37	-6.30
324.63	-0.80
324.90	-5.30
325.16	3.90
325.43	2.40
325.70	4.20
325.96	4.50
326.23	-2.00
326.49	-1.40
326.76	-9.30
327.03	1.20
327.29	-9.00
327.56	-2.50
327.82	-4.40
328.09	-12.60
328.36	-1.50
328.62	3.60
328.89	-4.00
329.15	-6.60
329.42	-1.10
329.69	1.80
329.95	-0.40
330.22	-4.90
330.48	-4.20
330.75	1.90
331.02	-4.90
331.28	1.80
331.55	4.10
331.81	-3.10
332.08	-3.80
332.34	-6.60
332.61	-8.20
332.88	-1.90
333.14	-10.20
333.41	-8.40
333.67	-4.90
333.94	-8.00
334.21	-4.80
334.47	-3.60
334.74	-0.80
335.00	-2.60
335.27	0.60
335.53	-6.70
335.80	0.60
336.07	-4.30
336.33	-8.10
336.60	-13.10
336.86	-7.20
337.13	-2.20
337.39	0.60
337.66	-3.90
337.93	-6.80
338.19	-0.80
338.46	-10.50
338.72	0.00
338.99	-0.80
339.25	-6.70
339.52	-9.20
339.79	-1.50
340.05	-7.70
340.32	-1.10
340.58	-0.80
340.85	-2.60
341.11	-1.90
341.38	3.00
341.65	-3.30
341.91	-1.30
342.18	-6.80
342.44	6.80
342.71	-0.90
342.97	-4.70
343.24	-5.30
343.50	-4.10
343.77	-6.10
344.03	-11.00
344.30	-7.50
344.57	-1.20
344.83	2.40
345.10	3.40
345.36	0.30
345.63	-9.70
345.89	-11.90
346.16	-10.30
346.42	-7.20
346.69	3.60
346.96	0.90
347.22	-8.60
347.49	-16.40
347.75	-2.40
348.02	1.00
348.28	-7.70
348.55	-1.90
348.81	-5.40
349.08	-9.50
349.34	-2.20
349.61	1.20
349.87	7.40
350.14	-2.30
350.40	-3.00
350.67	-6.80
350.94	-2.80
351.20	0.50
351.47	-9.80
351.73	-1.60
352.00	4.80
352.26	-9.60
352.53	-6.50
352.79	-1.80
353.06	-2.70
353.32	-6.30
353.59	-8.50
353.85	1.10
354.12	1.40
354.38	-5.40
354.65	-6.30
354.91	2.00
355.18	2.00
355.44	-1.40
355.71	-2.00
355.97	-0.80
356.24	1.60
356.51	-3.40
356.77	-2.90
357.04	-8.40
357.30	-4.50
357.57	-15.30
357.83	-9.30
358.10	3.40
358.36	-4.70
358.63	-10.90
358.89	-5.60
359.16	3.30
359.42	0.40
359.69	1.30
359.95	-4.60
360.22	-4.20
360.48	1.80
360.75	1.10
361.01	-0.10
361.28	-1.80
361.54	-2.30
361.81	-5.40
362.07	-3.50
362.34	-2.40
362.60	5.20
362.87	-1.70
363.13	0.40
363.40	3.80
363.66	-5.00
363.93	-13.30
364.19	-17.40
364.46	-7.50
364.72	-8.10
364.99	-8.00
365.25	-14.80
365.52	-7.70
365.78	6.90
366.04	-4.60
366.31	3.40
366.57	-0.90
366.84	-9.00
367.10	-5.50
367.37	-3.10
367.63	3.10
367.90	-5.40
368.16	0.80
368.43	-6.10
368.69	-2.90
368.96	-8.20
369.22	-1.10
369.49	-4.40
369.75	-2.40
370.02	3.70
370.28	1.70
370.55	2.00
370.81	-0.10
371.08	8.90
371.34	6.50
371.60	-2.30
371.87	-6.60
372.13	-8.20
372.40	-8.10
372.66	-5.30
372.93	-7.20
373.19	0.30
373.46	-9.60
373.72	-14.20
373.99	-5.10
374.25	-9.60
374.52	0.40
374.78	7.30
375.04	0.80
375.31	-0.50
375.57	-2.00
375.84	-10.60
376.10	-11.30
376.37	-6.20
376.63	-7.70
376.90	0.60
377.16	-0.40
377.43	-1.00
377.69	-9.10
377.95	-11.90
378.22	-6.90
378.48	-1.90
378.75	-4.10
379.01	0.90
379.28	-2.80
379.54	-5.50
379.81	-2.10
380.07	-6.20
380.33	-7.60
380.60	-4.30
380.86	4.00
381.13	-5.20
381.39	-9.00
381.66	-3.70
381.92	-0.10
382.19	-0.50
382.45	2.90
382.71	6.80
382.98	13.40
383.24	1.30
383.51	-3.80
383.77	1.60
384.04	-7.80
384.30	-7.00
384.56	-7.20
384.83	-1.70
385.09	-3.30
385.36	-5.40
385.62	-1.20
385.89	-2.60
386.15	-2.80
386.41	-0.90
386.68	-2.00
386.94	-7.70
387.21	-4.10
387.47	1.80
387.74	4.30
388.00	1.30
388.26	0.20
388.53	1.70
388.79	2.30
389.06	-1.80
389.32	-0.20
389.58	-1.20
389.85	2.40
390.11	-2.30
390.38	-6.30
390.64	-6.20
390.90	3.30
391.17	-8.30
391.43	-2.90
391.70	-8.10
391.96	-1.10
392.23	0.40
392.49	-1.60
392.75	-18.20
393.02	-7.80
393.28	-1.40
393.55	4.70
393.81	-6.90
394.07	-8.40
394.34	-3.90
394.60	-0.70
394.87	0.90
395.13	-1.80
395.39	2.30
395.66	-1.80
395.92	-11.40
396.18	-2.00
396.45	-2.00
396.71	-1.90
396.98	-0.80
397.24	-9.20
397.50	-8.80
397.77	-4.40
398.03	-4.30
398.30	-8.30
398.56	-7.20
398.82	1.70
399.09	11.60
399.35	4.90
399.62	1.30
399.88	-4.30
400.14	-4.30
400.41	-4.20
400.67	0.10
400.93	0.00
401.20	1.90
401.46	-1.30
401.73	-0.20
401.99	0.60
402.25	-5.30
402.52	-7.60
402.78	-2.30
403.04	-11.60
403.31	-7.90
403.57	1.40
403.84	7.70
404.10	10.50
404.36	32.50
404.63	1.80
404.89	0.10
405.15	-6.00
405.42	-10.40
405.68	-10.20
405.94	2.80
406.21	1.00
406.47	0.00
406.74	4.00
407.00	2.50
407.26	-1.90
407.53	-1.90
407.79	1.70
408.05	2.10
408.32	-5.50
408.58	-9.30
408.84	-4.90
409.11	7.70
409.37	1.40
409.63	-4.00
409.90	-12.10
410.16	-3.00
410.42	-3.10
410.69	-3.10
410.95	-6.90
411.22	-3.10
411.48	0.60
411.74	-1.00
412.01	2.60
412.27	9.50
412.53	-0.30
412.80	-1.00
413.06	7.20
413.32	8.60
413.59	-1.40
413.85	-2.50
414.11	-4.20
414.38	4.20
414.64	3.90
414.90	5.80
415.17	8.10
415.43	4.30
415.69	1.70
415.96	-3.20
416.22	7.50
416.48	4.30
416.75	-3.10
417.01	-8.80
417.27	-7.80
417.54	5.90
417.80	6.30
418.06	2.00
418.33	9.10
418.59	5.70
418.85	-3.40
419.12	-7.80
419.38	-0.70
419.64	0.00
419.91	-3.00
420.17	-4.50
420.43	7.70
420.69	5.20
420.96	1.00
421.22	6.60
421.48	5.70
421.75	-2.50
422.01	6.60
422.27	5.60
422.54	3.90
422.80	2.60
423.06	-4.30
423.33	2.80
423.59	4.20
423.85	9.40
424.11	4.50
424.38	-2.40
424.64	4.30
424.90	3.20
425.17	5.50
425.43	8.80
425.69	6.90
425.96	-1.90
426.22	5.70
426.48	2.40
426.75	9.70
427.01	7.70
427.27	5.80
427.53	5.60
427.80	5.10
428.06	2.50
428.32	7.80
428.59	9.30
428.85	14.40
429.11	6.00
429.37	6.60
429.64	8.90
429.90	6.20
430.16	5.60
430.43	2.70
430.69	8.30
430.95	5.10
431.21	3.10
431.48	6.80
431.74	4.80
432.00	7.10
432.27	4.20
432.53	-7.60
432.79	3.60
433.05	14.60
433.32	10.90
433.58	8.00
433.84	14.70
434.11	3.70
434.37	5.40
434.63	3.90
434.89	0.10
435.16	0.30
435.42	10.30
435.68	11.40
435.94	9.70
436.21	8.50
436.47	17.00
436.73	13.40
436.99	17.00
437.26	7.50
437.52	10.60
437.78	3.10
438.05	-4.10
438.31	-0.40
438.57	2.80
438.83	5.90
439.10	13.40
439.36	14.30
439.62	15.00
439.88	0.90
440.15	-1.20
440.41	11.10
440.67	4.70
440.93	3.40
441.20	8.90
441.46	14.40
441.72	10.40
441.98	15.50
442.25	5.20
442.51	-2.80
442.77	-4.10
443.03	-0.90
443.30	9.00
443.56	9.90
443.82	17.10
444.08	10.80
444.35	10.90
444.61	9.40
444.87	9.20
445.13	10.50
445.40	17.60
445.66	21.50
445.92	11.90
446.18	2.80
446.44	10.40
446.71	15.00
446.97	17.70
447.23	11.90
447.49	13.50
447.76	14.30
448.02	13.20
448.28	4.10
448.54	-2.20
448.81	9.90
449.07	11.60
449.33	13.90
449.59	8.60
449.85	9.20
450.12	13.50
450.38	14.10
450.64	11.30
450.90	13.20
451.17	15.50
451.43	17.30
451.69	4.50
451.95	13.20
452.21	12.10
452.48	12.00
452.74	22.60
453.00	25.90
453.26	24.80
453.53	14.30
453.79	11.10
454.05	20.40
454.31	19.90
454.57	16.10
454.84	15.10
455.10	17.80
455.36	15.40
455.62	20.30
455.88	11.60
456.15	7.50
456.41	11.80
456.67	11.70
456.93	13.20
457.19	19.10
457.46	18.00
457.72	10.30
457.98	5.40
458.24	18.30
458.50	20.50
458.77	16.90
459.03	10.60
459.29	5.00
459.55	11.50
459.81	11.80
460.08	16.00
460.34	20.00
460.60	23.30
460.86	20.20
461.12	16.70
461.39	19.40
461.65	12.20
461.91	16.60
462.17	14.30
462.43	10.70
462.69	18.50
462.96	24.50
463.22	22.90
463.48	21.40
463.74	27.30
464.00	20.40
464.27	14.80
464.53	23.50
464.79	27.00
465.05	29.80
465.31	30.20
465.57	23.30
465.84	21.40
466.10	22.10
466.36	20.20
466.62	22.90
466.88	30.80
467.14	18.40
467.41	20.20
467.67	27.20
467.93	28.10
468.19	22.80
468.45	25.60
468.71	23.60
468.98	34.50
469.24	34.70
469.50	27.80
469.76	28.60
470.02	26.10
470.28	19.50
470.55	23.30
470.81	29.80
471.07	26.00
471.33	26.30
471.59	29.20
471.85	28.50
472.11	32.80
472.38	35.00
472.64	24.60
472.90	34.30
473.16	29.00
473.42	24.60
473.68	29.40
473.95	27.60
474.21	30.20
474.47	36.10
474.73	29.50
474.99	33.50
475.25	34.60
475.51	36.20
475.78	28.20
476.04	40.30
476.30	41.30
476.56	39.60
476.82	36.80
477.08	33.70
477.34	38.40
477.61	34.10
477.87	35.90
478.13	44.80
478.39	37.40
478.65	37.90
478.91	26.60
479.17	36.60
479.43	34.60
479.70	38.70
479.96	35.00
480.22	36.50
480.48	36.10
480.74	36.40
481.00	41.20
481.26	38.30
481.52	43.50
481.79	40.40
482.05	40.20
482.31	34.80
482.57	40.00
482.83	41.50
483.09	47.90
483.35	36.80
483.61	48.40
483.88	41.90
484.14	40.40
484.40	47.70
484.66	35.60
484.92	34.00
485.18	48.10
485.44	48.20
485.70	44.70
485.96	44.60
486.23	44.70
486.49	50.10
486.75	52.40
487.01	48.80
487.27	50.70
487.53	43.50
487.79	44.80
488.05	41.00
488.31	42.30
488.57	45.40
488.84	41.70
489.10	38.30
489.36	45.80
489.62	48.10
489.88	51.40
490.14	48.30
490.40	42.20
490.66	59.00
490.92	55.60
491.18	53.70
491.44	43.70
491.71	49.10
491.97	51.50
492.23	54.20
492.49	51.50
492.75	54.90
493.01	55.40
493.27	52.70
493.53	50.70
493.79	54.10
494.05	52.10
494.31	52.40
494.58	52.20
494.84	62.60
495.10	68.90
495.36	62.90
495.62	61.10
495.88	61.90
496.14	61.40
496.40	59.60
496.66	72.10
496.92	67.40
497.18	69.20
497.44	64.50
497.70	67.10
497.96	68.80
498.23	68.90
498.49	68.10
498.75	64.10
499.01	75.00
499.27	64.10
499.53	67.40
499.79	75.20
500.05	82.30
500.31	85.10
500.57	77.70
500.83	79.50
501.09	74.80
501.35	75.10
501.61	80.90
501.87	76.60
502.13	85.20
502.40	79.80
502.66	86.70
502.92	86.80
503.18	82.10
503.44	75.20
503.70	72.80
503.96	76.20
504.22	88.10
504.48	85.70
504.74	78.80
505.00	76.10
505.26	88.20
505.52	95.00
505.78	87.80
506.04	87.90
506.30	81.70
506.56	93.70
506.82	99.90
507.08	92.20
507.34	90.00
507.60	91.10
507.86	85.00
508.13	87.90
508.39	92.80
508.65	84.50
508.91	82.90
509.17	82.00
509.43	101.70
509.69	92.00
509.95	96.80
510.21	89.40
510.47	89.70
510.73	99.80
510.99	93.60
511.25	96.00
511.51	93.40
511.77	95.90
512.03	93.30
512.29	94.40
512.55	93.80
512.81	93.60
513.07	90.70
513.33	93.60
513.59	93.30
513.85	89.40
514.11	94.50
514.37	97.10
514.63	94.80
514.89	95.70
515.15	92.70
515.41	87.70
515.67	88.20
515.93	97.10
516.19	102.50
516.45	95.90
516.71	101.90
516.97	94.10
517.23	105.20
517.49	111.10
517.75	99.70
518.01	93.70
518.27	93.90
518.53	90.80
518.79	99.40
519.05	105.70
519.31	105.90
519.57	99.60
519.83	108.10
520.09	105.50
520.35	97.70
520.61	91.70
520.87	90.30
521.13	94.20
521.39	103.40
521.65	98.30
521.91	104.90
522.17	111.80
522.43	105.40
522.69	97.40
522.95	103.50
523.21	115.70
523.47	117.40
523.73	117.10
523.99	115.80
524.25	122.80
524.51	122.20
524.77	118.20
525.03	114.40
525.29	120.70
525.55	126.70
525.81	119.10
526.07	130.10
526.33	126.00
526.59	126.50
526.85	126.40
527.11	122.10
527.37	130.40
527.63	133.20
527.89	134.10
528.15	132.40
528.41	127.10
528.67	137.30
528.93	141.90
529.19	148.60
529.45	140.60
529.71	143.50
529.96	141.00
530.22	143.50
530.48	152.00
530.74	147.20
531.00	138.90
531.26	142.70
531.52	149.10
531.78	163.20
532.04	161.10
532.30	147.60
532.56	154.40
532.82	146.50
533.08	153.10
533.34	158.90
533.60	165.10
533.86	164.20
534.12	158.80
534.38	162.20
534.64	163.00
534.90	168.60
535.16	164.80
535.42	171.20
535.67	178.60
535.93	173.30
536.19	164.60
536.45	174.30
536.71	179.40
536.97	177.70
537.23	171.00
537.49	170.80
537.75	172.30
538.01	180.60
538.27	182.20
538.53	175.70
538.79	196.50
539.05	182.60
539.31	185.40
539.57	181.30
539.82	179.50
540.08	175.30
540.34	165.90
540.60	170.60
540.86	174.60
541.12	178.30
541.38	183.80
541.64	190.10
541.90	183.50
542.16	180.80
542.42	174.90
542.68	178.20
542.94	194.00
543.19	187.60
543.45	188.20
543.71	187.00
543.97	186.80
544.23	176.10
544.49	176.90
544.75	175.50
545.01	178.20
545.27	177.90
545.53	174.50
545.79	172.90
546.05	178.00
546.30	175.20
546.56	176.80
546.82	183.40
547.08	183.40
547.34	180.10
547.60	180.70
547.86	178.70
548.12	189.10
548.38	181.20
548.64	175.00
548.89	179.80
549.15	180.50
549.41	184.60
549.67	183.90
549.93	185.40
550.19	184.20
550.45	183.30
550.71	182.40
550.97	189.70
551.23	191.10
551.48	189.00
551.74	197.60
552.00	195.30
552.26	190.30
552.52	190.50
552.78	196.10
553.04	187.70
553.30	194.10
553.56	191.40
553.81	197.10
554.07	198.40
554.33	202.60
554.59	201.30
554.85	196.10
555.11	205.50
555.37	209.60
555.63	196.80
555.88	188.80
556.14	203.30
556.40	208.20
556.66	202.10
556.92	205.00
557.18	209.50
557.44	214.00
557.70	216.90
557.95	210.60
558.21	215.90
558.47	211.50
558.73	212.00
558.99	207.00
559.25	218.80
559.51	223.60
559.76	222.30
560.02	219.60
560.28	220.40
560.54	229.80
560.80	227.80
561.06	235.50
561.32	234.10
561.58	239.80
561.83	241.30
562.09	244.50
562.35	245.80
562.61	248.00
562.87	241.80
563.13	253.70
563.38	248.50
563.64	250.00
563.90	247.70
564.16	245.10
564.42	247.10
564.68	253.80
564.94	261.00
565.19	265.20
565.45	261.40
565.71	260.50
565.97	265.10
566.23	268.50
566.49	268.90
566.74	273.20
567.00	270.10
567.26	279.00
567.52	276.40
567.78	279.50
568.04	295.10
568.29	278.70
568.55	282.00
568.81	288.20
569.07	289.00
569.33	301.60
569.59	298.70
569.84	297.70
570.10	305.10
570.36	283.00
570.62	303.80
570.88	305.40
571.14	296.70
571.39	309.70
571.65	312.20
571.91	306.90
572.17	302.90
572.43	303.60
572.69	316.60
572.94	315.80
573.20	314.40
573.46	318.50
573.72	319.50
573.98	315.90
574.23	327.10
574.49	310.00
574.75	322.20
575.01	321.20
575.27	326.80
575.53	330.30
575.78	328.70
576.04	328.70
576.30	328.50
576.56	333.30
576.82	326.60
577.07	335.30
577.33	329.50
577.59	328.20
577.85	336.90
578.11	324.80
578.36	329.40
578.62	326.80
578.88	339.60
579.14	340.50
579.40	337.40
579.65	328.30
579.91	331.00
580.17	330.40
580.43	325.40
580.69	328.20
580.94	327.20
581.20	325.80
581.46	329.20
581.72	324.40
581.97	336.50
582.23	338.30
582.49	340.60
582.75	338.20
583.01	333.60
583.26	336.80
583.52	337.30
583.78	334.50
584.04	338.80
584.30	342.80
584.55	335.10
584.81	324.50
585.07	332.00
585.33	330.60
585.58	330.90
585.84	337.00
586.10	332.60
586.36	325.00
586.61	331.70
586.87	328.40
587.13	334.60
587.39	334.60
587.65	341.00
587.90	337.00
588.16	339.70
588.42	338.30
588.68	335.30
588.93	333.50
589.19	340.20
589.45	344.50
589.71	346.30
589.96	334.30
590.22	338.20
590.48	334.10
590.74	345.60
590.99	342.30
591.25	340.10
591.51	338.30
591.77	340.10
592.02	343.50
592.28	344.20
592.54	348.60
592.80	351.70
593.05	357.40
593.31	349.50
593.57	355.70
593.83	361.70
594.08	356.80
594.34	355.90
594.60	350.90
594.86	365.70
595.11	362.80
595.37	359.50
595.63	369.00
595.89	373.10
596.14	375.50
596.40	369.20
596.66	366.90
596.92	378.40
597.17	366.10
597.43	369.20
597.69	387.80
597.95	391.70
598.20	382.20
598.46	389.80
598.72	386.80
598.97	378.90
599.23	389.40
599.49	401.00
599.75	395.00
600.00	396.50
600.26	400.50
600.52	393.10
600.78	404.90
601.03	413.60
601.29	416.10
601.55	412.10
601.80	415.20
602.06	419.00
602.32	407.50
602.58	412.70
602.83	429.60
603.09	436.70
603.35	443.20
603.60	448.20
603.86	443.70
604.12	438.70
604.38	434.70
604.63	443.80
604.89	441.60
605.15	450.70
605.40	465.40
605.66	459.20
605.92	459.40
606.18	453.30
606.43	464.40
606.69	474.60
606.95	470.40
607.20	484.60
607.46	479.30
607.72	488.50
607.97	487.60
608.23	487.90
608.49	482.30
608.75	479.80
609.00	494.70
609.26	494.80
609.52	500.10
609.77	501.60
610.03	501.30
610.29	498.70
610.54	515.20
610.80	516.30
611.06	519.20
611.31	517.30
611.57	510.80
611.83	516.00
612.08	530.50
612.34	523.10
612.60	518.90
612.86	524.30
613.11	533.20
613.37	542.50
613.63	546.70
613.88	549.60
614.14	548.40
614.40	551.50
614.65	556.80
614.91	547.90
615.17	538.70
615.42	538.30
615.68	536.50
615.94	557.80
616.19	558.10
616.45	567.10
616.71	555.90
616.96	558.60
617.22	566.20
617.48	559.60
617.73	569.40
617.99	570.70
618.25	560.50
618.50	559.40
618.76	569.50
619.02	558.90
619.27	566.10
619.53	571.60
619.79	569.10
620.04	579.70
620.30	563.70
620.56	570.40
620.81	569.40
621.07	579.60
621.32	580.50
621.58	577.40
621.84	572.80
622.09	565.40
622.35	564.70
622.61	566.30
622.86	566.80
623.12	571.60
623.38	564.80
623.63	572.00
623.89	558.50
624.15	565.90
624.40	571.30
624.66	579.00
624.92	571.00
625.17	565.70
625.43	556.20
625.68	565.60
625.94	562.60
626.20	560.60
626.45	560.60
626.71	561.10
626.97	558.60
627.22	561.20
627.48	560.10
627.73	558.30
627.99	564.50
628.25	566.10
628.50	561.40
628.76	556.00
629.02	554.80
629.27	548.50
629.53	561.10
629.78	563.30
630.04	567.60
630.30	552.40
630.55	557.20
630.81	555.40
631.07	552.30
631.32	561.00
631.58	562.30
631.83	558.00
632.09	561.10
632.35	562.90
632.60	560.50
632.86	557.40
633.11	554.30
633.37	547.50
633.63	552.20
633.88	564.10
634.14	569.60
634.40	561.00
634.65	556.30
634.91	554.10
635.16	560.50
635.42	556.50
635.68	555.30
635.93	556.90
636.19	551.90
636.44	551.50
636.70	552.10
636.96	559.30
637.21	565.70
637.47	561.30
637.72	564.10
637.98	550.70
638.23	560.10
638.49	572.50
638.75	560.80
639.00	560.50
639.26	567.20
639.51	578.30
639.77	577.30
640.03	576.90
640.28	580.50
640.54	579.90
640.79	580.00
641.05	582.90
641.30	582.10
641.56	563.20
641.82	579.90
642.07	587.50
642.33	588.40
642.58	581.50
642.84	580.10
643.10	588.30
643.35	587.30
643.61	594.40
643.86	601.30
644.12	601.40
644.37	598.60
644.63	614.90
644.89	604.20
645.14	607.60
645.40	602.10
645.65	614.70
645.91	611.00
646.16	608.70
646.42	608.70
646.67	619.90
646.93	633.40
647.19	632.00
647.44	622.80
647.70	629.30
647.95	629.40
648.21	642.70
648.46	646.10
648.72	640.60
648.97	646.40
649.23	655.80
649.49	652.10
649.74	659.30
650.00	671.50
650.25	652.90
650.51	650.50
650.76	668.90
651.02	665.10
651.27	677.00
651.53	677.20
651.79	678.70
652.04	679.40
652.30	693.70
652.55	697.10
652.81	696.60
653.06	701.00
653.32	700.50
653.57	698.60
653.83	697.00
654.08	712.80
654.34	715.30
654.59	717.90
654.85	708.90
655.10	719.60
655.36	726.70
655.62	731.20
655.87	726.40
656.13	733.90
656.38	731.60
656.64	733.60
656.89	729.50
657.15	735.40
657.40	745.60
657.66	747.10
657.91	755.20
658.17	762.80
658.42	764.10
658.68	759.20
658.93	764.60
659.19	753.40
659.44	763.10
659.70	765.70
659.95	773.50
660.21	787.90
660.46	795.40
660.72	802.70
660.97	794.60
661.23	774.60
661.48	786.80
661.74	792.80
661.99	790.20
662.25	795.90
662.51	807.90
662.76	794.90
663.02	798.50
663.27	806.40
663.53	800.00
663.78	809.60
664.04	812.80
664.29	809.90
664.55	799.30
664.80	793.90
665.06	809.60
665.31	814.70
665.56	814.90
665.82	830.90
666.07	824.70
666.33	820.00
666.58	820.20
666.84	823.40
667.09	820.50
667.35	812.40
667.60	813.90
667.86	819.10
668.11	815.40
668.37	812.20
668.62	823.80
668.88	815.80
669.13	824.00
669.39	820.90
669.64	813.20
669.90	808.20
670.15	825.50
670.41	817.50
670.66	817.10
670.92	818.00
671.17	817.70
671.43	811.50
671.68	812.90
671.94	799.80
672.19	810.00
672.44	807.80
672.70	819.30
672.95	824.40
673.21	804.40
673.46	814.30
673.72	812.10
673.97	808.70
674.23	799.40
674.48	803.20
674.74	800.30
674.99	803.80
675.25	799.10
675.50	793.50
675.75	800.10
676.01	796.30
676.26	782.10
676.52	789.30
676.77	793.80
677.03	778.30
677.28	789.20
677.54	796.90
677.79	796.30
678.05	795.90
678.30	786.30
678.55	780.60
678.81	786.90
679.06	791.10
679.32	782.30
679.57	779.10
679.83	786.00
680.08	774.50
680.34	771.90
680.59	771.90
680.84	777.80
681.10	774.40
681.35	768.10
681.61	768.10
681.86	759.60
682.12	760.30
682.37	785.70
682.62	775.70
682.88	760.20
683.13	780.60
683.39	766.80
683.64	755.20
683.90	755.20
684.15	766.50
684.40	757.40
684.66	755.40
684.91	758.60
685.17	760.30
685.42	755.50
685.68	747.20
685.93	758.00
686.18	750.30
686.44	756.20
686.69	759.50
686.95	752.30
687.20	747.60
687.46	748.60
687.71	759.20
687.96	763.10
688.22	762.60
688.47	759.80
688.73	771.40
688.98	755.10
689.23	754.20
689.49	759.60
689.74	754.10
690.00	758.80
690.25	753.30
690.50	764.80
690.76	763.80
691.01	768.30
691.27	756.90
691.52	756.40
691.77	761.30
692.03	755.50
692.28	755.20
692.54	756.50
692.79	755.70
693.04	761.20
693.30	762.80
693.55	749.20
693.81	749.60
694.06	762.50
694.31	762.60
694.57	772.60
694.82	768.80
695.08	772.10
695.33	766.60
695.58	771.90
695.84	779.70
696.09	780.60
696.34	787.90
696.60	795.40
696.85	788.70
697.11	786.30
697.36	796.40
697.61	789.80
697.87	784.70
698.12	800.70
698.37	802.60
698.63	806.50
698.88	812.10
699.14	801.30
699.39	800.60
699.64	805.20
699.90	814.20
700.15	826.50
700.40	819.10
700.66	811.60
700.91	815.10
701.17	822.70
701.42	811.10
701.67	817.50
701.93	823.70
702.18	833.40
702.43	819.40
702.69	827.70
702.94	825.90
703.19	834.70
703.45	835.10
703.70	845.60
703.95	842.70
704.21	843.20
704.46	846.20
704.72	848.40
704.97	858.50
705.22	857.80
705.48	849.40
705.73	851.80
705.98	864.30
706.24	854.40
706.49	859.90
706.74	856.60
707.00	864.90
707.25	869.00
707.50	873.40
707.76	873.20
708.01	872.80
708.26	878.60
708.52	881.80
708.77	878.00
709.02	888.80
709.28	888.00
709.53	883.30
709.78	900.10
710.04	913.10
710.29	917.40
710.54	918.00
710.80	915.70
711.05	921.10
711.30	935.60
711.56	933.20
711.81	947.10
712.06	943.40
712.32	938.90
712.57	937.70
712.82	933.40
713.08	945.30
713.33	938.60
713.58	949.40
713.84	950.30
714.09	940.50
714.34	956.40
714.59	966.20
714.85	956.00
715.10	945.90
715.35	955.10
715.61	962.10
715.86	978.10
716.11	975.50
716.37	967.00
716.62	979.20
716.87	981.00
717.13	967.60
717.38	969.70
717.63	979.00
717.89	983.60
718.14	985.60
718.39	993.30
718.64	984.60
718.90	984.40
719.15	1001.70
719.40	1006.30
719.66	994.50
719.91	1005.90
720.16	1008.30
720.41	1001.10
720.67	1009.20
720.92	1005.50
721.17	993.00
721.43	1004.40
721.68	1016.80
721.93	1010.70
722.19	1005.60
722.44	1006.10
722.69	1018.20
722.94	994.90
723.20	1008.30
723.45	1007.60
723.70	995.10
723.95	999.60
724.21	1004.00
724.46	1011.10
724.71	1005.70
724.97	1000.70
725.22	1001.80
725.47	997.50
725.72	997.10
725.98	992.90
726.23	990.00
726.48	992.80
726.74	996.50
726.99	989.30
727.24	994.30
727.49	996.30
727.75	988.80
728.00	988.00
728.25	980.00
728.50	982.70
728.76	974.40
729.01	970.80
729.26	965.20
729.51	970.00
729.77	974.90
730.02	977.50
730.27	979.00
730.52	970.80
730.78	969.90
731.03	960.20
731.28	950.50
731.53	952.80
731.79	963.00
732.04	959.90
732.29	941.80
732.54	943.60
732.80	937.00
733.05	924.90
733.30	940.90
733.55	955.40
733.81	933.50
734.06	939.60
734.31	940.00
734.56	929.50
734.82	926.70
735.07	919.60
735.32	928.70
735.57	917.60
735.83	925.00
736.08	913.30
736.33	903.20
736.58	913.90
736.84	900.70
737.09	895.30
737.34	897.90
737.59	894.00
737.84	900.20
738.10	897.80
738.35	894.30
738.60	884.40
738.85	894.00
739.11	886.60
739.36	893.20
739.61	887.90
739.86	876.70
740.11	879.90
740.37	880.50
740.62	877.10
740.87	882.00
741.12	888.80
741.38	884.10
741.63	874.90
741.88	874.70
742.13	872.00
742.38	869.70
742.64	869.40
742.89	875.10
743.14	871.00
743.39	866.60
743.64	863.50
743.90	850.60
744.15	856.90
744.40	851.60
744.65	861.60
744.90	853.70
745.16	851.50
745.41	841.50
745.66	847.40
745.91	844.20
746.16	850.10
746.42	853.40
746.67	849.80
746.92	850.20
747.17	849.60
747.42	850.00
747.68	844.70
747.93	835.90
748.18	843.00
748.43	845.90
748.68	842.70
748.94	829.10
749.19	835.40
749.44	831.50
749.69	835.30
749.94	837.60
750.19	831.80
750.45	827.30
750.70	827.30
750.95	827.10
751.20	822.40
751.45	828.00
751.71	832.30
751.96	833.20
752.21	840.70
752.46	831.90
752.71	839.80
752.96	824.70
753.22	824.50
753.47	829.00
753.72	831.10
753.97	837.70
754.22	845.40
754.47	838.80
754.73	830.50
754.98	827.40
755.23	825.40
755.48	829.00
755.73	829.90
755.98	818.70
756.24	813.30
756.49	822.20
756.74	823.10
756.99	823.70
757.24	830.60
757.49	834.90
757.74	834.30
758.00	818.20
758.25	823.70
758.50	818.80
758.75	831.50
759.00	829.50
759.25	827.30
759.51	813.60
759.76	819.70
760.01	824.30
760.26	821.00
760.51	824.80
760.76	833.80
761.01	827.40
761.27	826.80
761.52	838.60
761.77	835.50
762.02	836.10
762.27	829.00
762.52	836.70
762.77	835.90
763.02	847.70
763.28	845.10
763.53	843.10
763.78	839.40
764.03	839.60
764.28	845.00
764.53	838.20
764.78	842.70
765.03	835.80
765.29	834.80
765.54	851.60
765.79	855.40
766.04	851.50
766.29	859.20
766.54	851.50
766.79	856.10
767.04	845.70
767.30	858.10
767.55	858.10
767.80	852.80
768.05	856.70
768.30	864.10
768.55	877.80
768.80	877.00
769.05	870.90
769.30	881.90
769.56	872.40
769.81	880.60
770.06	877.70
770.31	875.70
770.56	877.60
770.81	873.50
771.06	872.20
771.31	889.70
771.56	892.60
771.82	890.90
772.07	888.70
772.32	897.80
772.57	904.60
772.82	894.00
773.07	897.30
773.32	907.30
773.57	900.00
773.82	908.40
774.07	907.90
774.32	904.30
774.58	915.30
774.83	919.30
775.08	907.60
775.33	911.90
775.58	915.80
775.83	918.10
776.08	918.20
776.33	927.10
776.58	927.80
776.83	927.80
777.08	928.20
777.33	929.30
777.59	924.00
777.84	927.00
778.09	915.20
778.34	930.00
778.59	928.60
778.84	936.60
779.09	929.80
779.34	930.30
779.59	950.50
779.84	950.60
780.09	956.90
780.34	950.70
780.59	945.30
780.84	947.90
781.10	953.80
781.35	945.50
781.60	949.30
781.85	951.70
782.10	947.50
782.35	960.00
782.60	960.90
782.85	958.40
783.10	961.00
783.35	952.80
783.60	955.80
783.85	967.50
784.10	972.20
784.35	973.90
784.60	970.60
784.85	966.90
785.10	958.40
785.35	961.60
785.61	959.40
785.86	962.30
786.11	967.60
786.36	970.50
786.61	978.30
786.86	976.10
787.11	960.00
787.36	958.50
787.61	955.60
787.86	970.60
788.11	971.50
788.36	962.20
788.61	952.30
788.86	965.70
789.11	967.10
789.36	966.10
789.61	961.50
789.86	962.60
790.11	959.50
790.36	963.60
790.61	965.00
790.86	961.20
791.11	957.00
791.36	948.40
791.61	940.60
791.86	961.40
792.11	970.40
792.36	961.80
792.61	960.30
792.86	966.70
793.11	960.70
793.36	950.40
793.61	955.80
793.87	950.80
794.12	948.70
794.37	938.90
794.62	938.40
794.87	938.70
795.12	932.40
795.37	936.30
795.62	932.20
795.87	923.10
796.12	918.80
796.37	933.90
796.62	924.30
796.87	929.10
797.12	932.00
797.37	931.10
797.62	913.30
797.87	916.10
798.12	909.70
798.37	927.20
798.62	922.30
798.87	912.30
799.12	895.10
799.37	892.80
799.62	897.30
799.87	902.80
800.12	886.60
800.37	892.70
800.62	892.80
800.87	890.70
801.12	884.50
801.37	894.40
801.61	879.90
801.86	876.20
802.11	881.30
802.36	876.30
802.61	873.60
802.86	883.50
803.11	876.40
803.36	858.70
803.61	863.40
803.86	862.40
804.11	874.60
804.36	856.40
804.61	850.50
804.86	857.20
805.11	856.10
805.36	844.90
805.61	838.10
805.86	841.90
806.11	841.50
806.36	829.20
806.61	823.30
806.86	830.90
807.11	829.60
807.36	817.10
807.61	821.70
807.86	829.40
808.11	822.30
808.36	805.80
808.61	814.60
808.86	817.50
809.11	809.10
809.36	800.60
809.60	799.70
809.85	793.00
810.10	788.80
810.35	788.40
810.60	788.20
810.85	795.10
811.10	781.70
811.35	786.30
811.60	786.20
811.85	781.80
812.10	771.80
812.35	761.40
812.60	762.30
812.85	767.10
813.10	767.60
813.35	764.00
813.60	759.10
813.85	758.70
814.09	761.30
814.34	771.20
814.59	764.30
814.84	753.00
815.09	751.20
815.34	748.00
815.59	748.20
815.84	747.00
816.09	731.30
816.34	737.80
816.59	731.40
816.84	727.00
817.09	723.40
817.34	725.60
817.58	713.90
817.83	713.60
818.08	719.40
818.33	723.20
818.58	727.00
818.83	725.10
819.08	722.80
819.33	720.20
819.58	715.10
819.83	718.80
820.08	713.50
820.33	717.40
820.57	712.50
820.82	717.90
821.07	718.50
821.32	703.60
821.57	710.20
821.82	702.50
822.07	688.90
822.32	689.70
822.57	707.10
822.82	710.10
823.07	706.60
823.31	705.00
823.56	693.20
823.81	684.50
824.06	687.60
824.31	697.60
824.56	692.70
824.81	686.40
825.06	680.10
825.31	685.50
825.55	682.00
825.80	684.70
826.05	693.70
826.30	687.60
826.55	684.70
826.80	676.90
827.05	674.20
827.30	675.00
827.55	664.30
827.79	671.60
828.04	672.80
828.29	674.90
828.54	687.90
828.79	684.90
829.04	675.10
829.29	672.50
829.54	676.90
829.78	679.20
830.03	685.10
830.28	684.80
830.53	676.70
830.78	669.90
831.03	677.00
831.28	676.10
831.53	667.90
831.77	669.60
832.02	666.10
832.27	670.10
832.52	677.20
832.77	669.70
833.02	667.10
833.27	671.90
833.51	674.00
833.76	674.20
834.01	671.90
834.26	659.00
834.51	659.90
834.76	667.80
835.01	672.80
835.25	676.10
835.50	662.00
835.75	666.90
836.00	669.50
836.25	665.80
836.50	676.30
836.75	677.70
836.99	672.00
837.24	673.20
837.49	668.70
837.74	672.00
837.99	670.30
838.24	673.20
838.48	666.60
838.73	679.50
838.98	672.10
839.23	677.80
839.48	669.00
839.73	673.80
839.97	675.90
840.22	667.60
840.47	671.10
840.72	671.00
840.97	682.90
841.22	686.00
841.46	680.20
841.71	676.40
841.96	667.20
842.21	670.80
842.46	671.80
842.71	673.60
842.95	666.50
843.20	686.20
843.45	687.80
843.70	687.20
843.95	680.80
844.20	691.30
844.44	679.10
844.69	678.50
844.94	673.00
845.19	669.50
845.44	672.10
845.68	683.90
845.93	677.80
846.18	668.80
846.43	675.20
846.68	666.00
846.92	689.30
847.17	693.40
847.42	689.10
847.67	681.90
847.92	680.80
848.16	690.50
848.41	696.90
848.66	695.60
848.91	690.00
849.16	697.60
849.40	700.40
849.65	700.60
849.90	702.80
850.15	699.00
850.40	694.30
850.64	690.50
850.89	691.80
851.14	685.40
851.39	691.20
851.64	694.40
851.88	693.80
852.13	698.40
852.38	703.00
852.63	697.70
852.87	699.40
853.12	712.50
853.37	710.90
853.62	715.20
853.87	711.60
854.11	698.40
854.36	702.30
854.61	700.90
854.86	700.80
855.10	704.40
855.35	717.10
855.60	720.40
855.85	710.80
856.10	708.70
856.34	708.90
856.59	717.60
856.84	708.00
857.09	714.20
857.33	710.20
857.58	705.60
857.83	702.40
858.08	715.20
858.32	707.60
858.57	701.30
858.82	715.60
859.07	724.60
859.31	713.30
859.56	709.80
859.81	718.60
860.06	714.80
860.30	708.80
860.55	718.30
860.80	713.40
861.05	716.20
861.29	716.10
861.54	719.40
861.79	717.90
862.04	722.70
862.28	715.70
862.53	715.60
862.78	727.50
863.03	729.30
863.27	729.10
863.52	725.90
863.77	719.10
864.02	725.60
864.26	734.70
864.51	722.50
864.76	723.90
865.01	727.40
865.25	715.00
865.50	721.20
865.75	716.00
866.00	721.70
866.24	713.90
866.49	723.70
866.74	727.20
866.98	720.60
867.23	725.00
867.48	731.10
867.73	723.90
867.97	720.10
868.22	724.10
868.47	724.10
868.71	709.90
868.96	722.70
869.21	728.70
869.46	724.30
869.70	719.10
869.95	715.10
870.20	723.40
870.44	724.60
870.69	721.60
870.94	715.00
871.19	710.50
871.43	721.10
871.68	718.30
871.93	718.90
872.17	714.70
872.42	719.30
872.67	709.90
872.92	709.60
873.16	708.30
873.41	698.60
873.66	703.50
873.90	704.90
874.15	708.60
874.40	721.60
874.64	711.60
874.89	695.90
875.14	689.70
875.39	695.40
875.63	684.50
875.88	698.50
876.13	694.50
876.37	691.60
876.62	689.30
876.87	696.20
877.11	696.50
877.36	688.50
877.61	697.10
877.85	678.10
878.10	680.70
878.35	695.70
878.59	670.40
878.84	672.20
879.09	674.90
879.33	685.00
879.58	662.40
879.83	664.60
880.07	667.90
880.32	676.60
880.57	681.70
880.81	681.90
881.06	674.30
881.31	673.70
881.55	666.70
881.80	665.00
882.05	662.40
882.29	662.50
882.54	656.20
882.79	652.00
883.03	654.00
883.28	657.20
883.53	663.00
883.77	659.80
884.02	645.40
884.27	649.60
884.51	652.40
884.76	649.60
885.01	636.50
885.25	640.60
885.50	643.90
885.75	647.40
885.99	634.10
886.24	642.00
886.49	634.70
886.73	628.70
886.98	632.10
887.23	632.70
887.47	633.90
887.72	628.10
887.96	620.90
888.21	620.60
888.46	615.80
888.70	609.00
888.95	609.50
889.20	611.80
889.44	600.80
889.69	608.10
889.94	612.50
890.18	606.50
890.43	617.30
890.67	605.20
890.92	595.20
891.17	603.00
891.41	601.20
891.66	589.90
891.91	585.30
892.15	596.20
892.40	591.80
892.64	586.50
892.89	578.20
893.14	589.60
893.38	579.10
893.63	575.00
893.88	586.40
894.12	578.90
894.37	572.50
894.61	567.20
894.86	570.20
895.11	564.50
895.35	560.20
895.60	570.30
895.84	575.80
896.09	554.00
896.34	556.80
896.58	557.10
896.83	552.90
897.07	548.50
897.32	560.10
897.57	557.10
897.81	555.30
898.06	553.00
898.30	559.90
898.55	554.60
898.80	551.20
899.04	544.10
899.29	532.90
899.53	538.70
899.78	539.60
900.03	530.90
900.27	523.60
900.52	538.80
900.76	535.60
901.01	541.10
901.26	535.60
901.50	535.20
901.75	532.40
901.99	534.60
902.24	530.60
902.48	518.70
902.73	518.50
902.98	518.80
903.22	515.80
903.47	510.70
903.71	502.10
903.96	511.40
904.21	513.10
904.45	512.40
904.70	504.00
904.94	510.20
905.19	521.40
905.43	509.00
905.68	499.60
905.93	508.40
906.17	503.50
906.42	502.20
906.66	489.20
906.91	490.20
907.15	485.70
907.40	490.50
907.64	495.20
907.89	491.30
908.14	489.40
908.38	493.00
908.63	485.60
908.87	486.40
909.12	480.00
909.36	478.90
909.61	482.50
909.85	469.30
910.10	480.50
910.35	478.80
910.59	468.40
910.84	473.10
911.08	476.60
911.33	469.60
911.57	469.00
911.82	475.20
912.06	471.40
912.31	465.00
912.55	459.80
912.80	459.30
913.05	457.20
913.29	455.30
913.54	451.10
913.78	449.20
914.03	462.10
914.27	453.30
914.52	461.40
914.76	455.70
915.01	452.20
915.25	446.90
915.50	446.30
915.74	437.80
915.99	438.10
916.23	437.30
916.48	449.30
916.72	452.10
916.97	444.10
917.22	443.10
917.46	441.50
917.71	433.10
917.95	425.00
918.20	428.30
918.44	426.10
918.69	434.70
918.93	441.10
919.18	436.50
919.42	429.50
919.67	435.80
919.91	424.50
920.16	432.10
920.40	426.90
920.65	439.60
920.89	432.00
921.14	432.50
921.38	426.30
921.63	435.60
921.87	436.90
922.12	432.50
922.36	419.40
922.61	408.20
922.85	411.20
923.10	426.10
923.34	413.60
923.59	423.60
923.83	418.00
924.08	423.30
924.32	421.20
924.57	414.40
924.81	406.60
925.06	424.90
925.30	423.60
925.55	416.30
925.79	419.90
926.04	428.10
926.28	411.30
926.53	401.20
926.77	408.50
927.01	421.30
927.26	425.50
927.50	413.50
927.75	409.30
927.99	421.40
928.24	408.10
928.48	411.90
928.73	404.60
928.97	408.80
929.22	413.20
929.46	413.10
929.71	416.40
929.95	415.00
930.20	415.80
930.44	418.70
930.69	413.80
930.93	396.20
931.17	395.30
931.42	401.10
931.66	401.60
931.91	400.10
932.15	409.30
932.40	401.90
932.64	396.30
932.89	398.50
933.13	404.60
933.38	396.50
933.62	385.20
933.86	395.00
934.11	389.40
934.35	390.40
934.60	386.40
934.84	391.30
935.09	388.90
935.33	389.50
935.58	372.90
935.82	382.60
936.06	391.20
936.31	388.20
936.55	385.90
936.80	381.90
937.04	378.20
937.29	378.90
937.53	383.20
937.78	381.70
938.02	381.10
938.26	389.60
938.51	394.60
938.75	386.60
939.00	380.20
939.24	382.20
939.49	360.90
939.73	369.20
939.97	363.00
940.22	363.10
940.46	366.40
940.71	362.10
940.95	375.40
941.20	364.50
941.44	357.40
941.68	366.90
941.93	362.20
942.17	365.50
942.42	363.80
942.66	359.40
942.90	354.00
943.15	361.30
943.39	364.80
943.64	366.20
943.88	362.70
944.12	363.60
944.37	367.30
944.61	369.20
944.86	365.50
945.10	368.80
945.35	363.40
945.59	356.20
945.83	363.00
946.08	365.10
946.32	361.30
946.57	360.90
946.81	360.10
947.05	364.60
947.30	359.60
947.54	365.70
947.78	360.70
948.03	361.60
948.27	364.00
948.52	352.10
948.76	360.20
949.00	373.90
949.25	362.80
949.49	366.60
949.74	354.20
949.98	358.40
950.22	361.70
950.47	359.20
950.71	360.80
950.95	366.60
951.20	365.70
951.44	359.80
951.69	351.50
951.93	359.70
952.17	361.10
952.42	364.70
952.66	359.20
952.90	360.00
953.15	342.60
953.39	355.30
953.64	356.70
953.88	369.50
954.12	365.40
954.37	360.20
954.61	354.10
954.85	357.10
955.10	362.30
955.34	358.40
955.58	349.40
955.83	348.70
956.07	354.40
956.32	353.40
956.56	347.80
956.80	353.80
957.05	364.00
957.29	357.30
957.53	345.90
957.78	356.40
958.02	356.50
958.26	345.00
958.51	349.10
958.75	340.70
958.99	347.20
959.24	349.00
959.48	343.70
959.72	347.30
959.97	360.50
960.21	350.20
960.45	339.60
960.70	336.50
960.94	337.10
961.18	339.50
961.43	343.80
961.67	352.10
961.91	358.60
962.16	348.60
962.40	346.70
962.64	344.70
962.89	353.30
963.13	345.60
963.37	329.90
963.62	324.10
963.86	334.50
964.10	345.40
964.35	337.30
964.59	337.90
964.83	329.50
965.08	335.90
965.32	338.00
965.56	328.40
965.81	336.80
966.05	332.50
966.29	332.70
966.54	333.60
966.78	329.30
967.02	332.10
967.27	333.10
967.51	332.20
967.75	334.60
967.99	322.10
968.24	333.60
968.48	320.70
968.72	323.90
968.97	318.20
969.21	323.40
969.45	315.30
969.70	306.30
969.94	307.70
970.18	309.60
970.42	314.00
970.67	307.70
970.91	307.10
971.15	316.90
971.40	314.00
971.64	309.10
971.88	305.70
972.12	311.70
972.37	315.50
972.61	308.90
972.85	297.80
973.10	298.10
973.34	301.30
973.58	298.70
973.82	297.60
974.07	293.00
974.31	291.90
974.55	285.70
974.80	290.90
975.04	290.40
975.28	296.90
975.52	306.70
975.77	288.80
976.01	292.20
976.25	284.00
976.50	290.90
976.74	290.10
976.98	288.60
977.22	278.80
977.47	274.80
977.71	270.70
977.95	280.80
978.19	286.70
978.44	274.10
978.68	283.20
978.92	271.70
979.16	278.50
979.41	275.00
979.65	276.80
979.89	270.10
980.13	267.50
980.38	266.00
980.62	262.20
980.86	268.90
981.10	266.40
981.35	256.90
981.59	257.90
981.83	265.40
982.07	261.40
982.32	256.20
982.56	256.70
982.80	249.10
983.04	251.00
983.29	262.70
983.53	261.00
983.77	249.10
984.01	254.10
984.26	250.40
984.50	252.70
984.74	256.40
984.98	247.00
985.23	242.10
985.47	240.10
985.71	240.10
985.95	234.60
986.19	243.60
986.44	230.30
986.68	232.40
986.92	234.70
987.16	236.40
987.41	236.40
987.65	243.20
987.89	225.40
988.13	221.80
988.37	232.20
988.62	235.00
988.86	232.90
989.10	224.60
989.34	207.30
989.59	216.00
989.83	223.10
990.07	225.90
990.31	228.40
990.55	224.40
990.80	216.00
991.04	206.30
991.28	213.80
991.52	213.60
991.76	213.80
992.01	215.40
992.25	207.30
992.49	212.50
992.73	214.40
992.97	214.90
993.22	204.40
993.46	209.30
993.70	199.70
993.94	201.50
994.18	195.90
994.43	197.00
994.67	202.50
994.91	205.70
995.15	196.90
995.39	203.60
995.64	201.50
995.88	190.90
996.12	199.40
996.36	196.20
996.60	196.60
996.84	183.10
997.09	181.50
997.33	192.50
997.57	194.20
997.81	185.50
998.05	185.60
998.30	183.40
998.54	182.30
998.78	180.60
999.02	181.60
999.26	179.20
999.50	175.50
999.75	172.60
999.99	170.20
1000.23	166.00
1000.47	166.20
1000.71	163.20
1000.95	172.70
1001.20	171.00
1001.44	170.80
1001.68	161.80
1001.92	159.80
1002.16	160.50
1002.40	166.90
1002.65	156.20
1002.89	163.70
1003.13	170.70
1003.37	158.90
1003.61	158.80
1003.85	162.20
1004.09	157.90
1004.34	157.30
1004.58	158.20
1004.82	150.90
1005.06	147.00
1005.30	146.00
1005.54	142.00
1005.78	138.70
1006.03	139.10
1006.27	141.40
1006.51	138.90
1006.75	140.80
1006.99	142.60
1007.23	137.70
1007.47	134.60
1007.72	138.00
1007.96	139.00
1008.20	138.90
1008.44	131.60
1008.68	132.80
1008.92	137.20
1009.16	137.50
1009.40	137.30
1009.65	129.60
1009.89	130.50
1010.13	133.90
1010.37	128.80
1010.61	133.80
1010.85	130.70
1011.09	127.40
1011.33	127.70
1011.58	129.40
1011.82	129.00
1012.06	129.00
1012.30	133.90
1012.54	120.00
1012.78	114.30
1013.02	122.80
1013.26	132.80
1013.50	121.40
1013.75	126.60
1013.99	123.00
1014.23	123.00
1014.47	125.70
1014.71	117.20
1014.95	118.40
1015.19	112.30
1015.43	112.20
1015.67	115.70
1015.92	120.80
1016.16	126.00
1016.40	121.50
1016.64	118.00
1016.88	120.10
1017.12	120.30
1017.36	115.40
1017.60	111.10
1017.84	119.20
1018.08	110.80
1018.32	110.50
1018.57	123.30
1018.81	121.10
1019.05	110.30
1019.29	103.90
1019.53	105.00
1019.77	106.70
1020.01	106.50
1020.25	103.30
1020.49	105.90
1020.73	101.30
1020.97	101.90
1021.21	110.50
1021.45	109.30
1021.70	110.90
1021.94	107.10
1022.18	112.80
1022.42	110.60
1022.66	97.50
1022.90	104.40
1023.14	105.10
1023.38	111.10
1023.62	100.10
1023.86	101.70
1024.10	96.50
1024.34	96.30
1024.58	95.60
1024.82	99.90
1025.06	98.10
1025.31	91.20
1025.55	95.00
1025.79	103.10
1026.03	105.00
1026.27	95.60
1026.51	91.50
1026.75	94.60
1026.99	96.30
1027.23	93.10
1027.47	89.60
1027.71	90.80
1027.95	84.70
1028.19	89.20
1028.43	91.90
1028.67	84.40
1028.91	82.80
1029.15	86.70
1029.39	82.30
1029.63	85.20
1029.87	90.50
1030.11	88.30
1030.36	92.80
1030.60	92.90
1030.84	82.60
1031.08	82.80
1031.32	85.20
1031.56	93.40
1031.80	91.50
1032.04	77.10
1032.28	77.90
1032.52	81.90
1032.76	81.80
1033.00	79.90
1033.24	74.00
1033.48	81.40
1033.72	75.10
1033.96	75.30
1034.20	73.60
1034.44	77.60
1034.68	77.50
1034.92	77.40
1035.16	75.00
1035.40	71.10
1035.64	64.60
1035.88	61.50
1036.12	76.10
1036.36	74.80
1036.60	69.10
1036.84	67.40
1037.08	71.80
1037.32	76.40
1037.56	72.60
1037.80	75.00
1038.04	73.50
1038.28	66.50
1038.52	67.30
1038.76	74.60
1039.00	72.70
1039.24	69.60
1039.48	63.10
1039.72	65.00
1039.96	66.30
1040.20	60.50
1040.44	59.60
1040.68	64.80
1040.92	60.30
1041.16	64.70
1041.40	72.00
1041.64	61.40
1041.88	60.50
1042.12	64.60
1042.36	60.70
1042.60	52.00
1042.84	59.70
1043.08	56.70
1043.32	57.20
1043.56	48.80
1043.80	52.20
1044.04	60.80
1044.28	63.00
1044.52	64.70
1044.76	64.00
1045.00	59.40
1045.24	57.90
1045.48	49.80
1045.72	50.80
1045.96	60.80
1046.19	60.70
1046.43	66.50
1046.67	68.70
1046.91	61.90
1047.15	60.60
1047.39	48.20
1047.63	46.40
1047.87	53.20
1048.11	53.90
1048.35	44.50
1048.59	49.90
1048.83	57.50
1049.07	51.10
1049.31	49.70
1049.55	55.40
1049.79	52.00
1050.03	49.10
1050.27	46.50
1050.51	44.90
1050.75	47.60
1050.99	49.40
1051.22	48.20
1051.46	56.80
1051.70	57.30
1051.94	43.10
1052.18	49.60
1052.42	54.80
1052.66	47.10
1052.90	48.80
1053.14	54.20
1053.38	49.10
1053.62	55.80
1053.86	39.60
1054.10	46.70
1054.34	46.20
1054.58	42.60
1054.81	48.10
1055.05	47.60
1055.29	43.40
1055.53	45.90
1055.77	50.90
1056.01	48.70
1056.25	45.80
1056.49	33.30
1056.73	46.20
1056.97	42.90
1057.21	40.20
1057.45	39.40
1057.69	36.50
1057.92	49.80
1058.16	48.40
1058.40	45.10
1058.64	39.90
1058.88	45.60
1059.12	44.90
1059.36	40.70
1059.60	41.90
1059.84	45.20
1060.08	42.80
1060.31	34.10
1060.55	35.40
1060.79	39.40
1061.03	40.10
1061.27	34.20
1061.51	31.20
1061.75	39.40
1061.99	36.60
1062.23	41.60
1062.47	34.40
1062.70	39.10
1062.94	43.80
1063.18	45.30
1063.42	38.70
1063.66	33.00
1063.90	31.80
1064.14	42.50
1064.38	37.40
1064.62	42.20
1064.85	42.60
1065.09	30.50
1065.33	38.70
1065.57	30.70
1065.81	33.90
1066.05	32.30
1066.29	32.80
1066.53	31.50
1066.76	40.30
1067.00	33.10
1067.24	30.30
1067.48	30.70
1067.72	31.70
1067.96	39.10
1068.20	37.50
1068.43	33.00
1068.67	31.30
1068.91	33.10
1069.15	37.90
1069.39	27.90
1069.63	28.90
1069.87	33.70
1070.11	42.10
1070.34	24.80
1070.58	22.40
1070.82	28.50
1071.06	27.70
1071.30	28.70
1071.54	22.00
1071.77	26.90
1072.01	29.50
1072.25	31.70
1072.49	30.80
1072.73	23.90
1072.97	30.20
1073.21	30.50
1073.44	28.70
1073.68	28.60
1073.92	26.90
1074.16	20.00
1074.40	22.90
1074.64	23.30
1074.87	26.50
1075.11	26.40
1075.35	21.90
1075.59	18.80
1075.83	25.10
1076.07	31.00
1076.30	29.50
1076.54	23.40
1076.78	21.00
1077.02	24.30
1077.26	32.40
1077.50	29.70
1077.73	17.70
1077.97	23.70
1078.21	23.50
1078.45	24.90
1078.69	24.50
1078.92	16.70
1079.16	25.90
1079.40	22.70
1079.64	26.90
1079.88	19.90
1080.12	19.90
1080.35	20.70
1080.59	23.60
1080.83	30.50
1081.07	29.00
1081.31	24.00
1081.54	11.70
1081.78	21.00
1082.02	21.50
1082.26	30.50
1082.50	26.10
1082.73	21.00
1082.97	24.30
1083.21	20.30
1083.45	18.90
1083.69	25.20
1083.92	32.10
1084.16	20.50
1084.40	22.50
1084.64	22.50
1084.88	21.30
1085.11	19.20
1085.35	26.00
1085.59	16.20
1085.83	18.20
1086.06	23.30
1086.30	25.80
1086.54	24.70
1086.78	18.90
1087.02	13.20
1087.25	21.70
1087.49	20.20
1087.73	22.80
1087.97	9.70
1088.20	13.60
1088.44	16.00
1088.68	20.60
1088.92	18.00
1089.16	18.80
1089.39	12.20
1089.63	20.20
1089.87	21.50
1090.11	13.80
1090.34	9.90
1090.58	14.60
1090.82	14.30
1091.06	11.70
1091.29	20.30
1091.53	14.20
1091.77	14.40
1092.01	15.20
1092.24	11.70
1092.48	13.00
1092.72	10.60
1092.96	15.20
1093.20	14.70
1093.43	12.20
1093.67	11.90
1093.91	10.30
1094.15	8.90
1094.38	14.20
1094.62	11.70
1094.86	18.70
1095.09	17.90
1095.33	11.30
1095.57	17.00
1095.81	16.60
1096.04	12.80
1096.28	6.50
1096.52	2.90
1096.76	11.30
1096.99	9.40
1097.23	15.70
1097.47	14.50
1097.71	4.70
1097.94	2.80
1098.18	9.70
1098.42	16.50
1098.65	8.10
1098.89	7.30
1099.13	7.40
1099.37	8.60
1099.60	1.60
1099.84	1.80
1100.08	9.40
1100.32	8.00
1100.55	19.30
1100.79	18.30
1101.03	7.30
1101.26	11.40
1101.50	13.50
1101.74	9.50
1101.98	7.70
1102.21	0.30
1102.45	4.90
1102.69	9.30
1102.92	2.30
1103.16	-2.90
1103.40	0.80
1103.64	2.80
1103.87	1.40
1104.11	4.40
1104.35	3.50
1104.58	-0.10
1104.82	0.20
1105.06	-3.60
1105.29	-3.70
1105.53	-2.20
1105.77	1.00
1106.00	8.90
1106.24	3.50
1106.48	6.50
1106.72	7.30
1106.95	-4.50
1107.19	0.60
1107.43	-4.10
1107.66	2.00
1107.90	6.20
1108.14	1.10
1108.37	2.30
1108.61	7.40
1108.85	4.80
1109.08	3.50
1109.32	5.00
1109.56	9.10
1109.79	0.90
1110.03	0.20
1110.27	4.10
1110.50	-3.00
1110.74	-5.40
1110.98	-1.30
1111.21	9.20
1111.45	14.50
1111.69	2.00
1111.92	3.60
1112.16	3.10
1112.40	-1.10
1112.63	1.10
1112.87	-0.10
1113.11	2.20
1113.34	10.70
1113.58	-2.70
1113.82	0.60
1114.05	2.70
1114.29	-2.20
1114.53	3.00
1114.76	3.60
1115.00	4.60
1115.24	-3.10
1115.47	1.90
1115.71	1.00
1115.95	-3.40
1116.18	-4.90
1116.42	-0.50
1116.66	3.50
1116.89	-5.10
1117.13	-5.00
1117.36	0.70
1117.60	-1.00
1117.84	-2.20
1118.07	-1.60
1118.31	-4.80
1118.55	-2.80
1118.78	-9.00
1119.02	-4.10
1119.26	-3.90
1119.49	-2.30
1119.73	-5.50
1119.96	-2.30
1120.20	-5.90
1120.44	-8.90
1120.67	-11.00
1120.91	-7.80
1121.15	-0.10
1121.38	-1.00
1121.62	-7.70
