0.0309963	0.0019211019168543769
0.0310678	0.0019425899782700888
0.0311394	0.0019643139133035475
0.0312112	0.0019862761565535964
0.0312831	0.0020084795065004827
0.0313552	0.002030926688586412
0.0314275	0.002053620452213175
0.0315	0.002076563558159193
0.0315726	0.002099758955135679
0.0316453	0.002123209397740655
0.0317183	0.0021469179494999573
0.0317914	0.002170887359706359
0.0318647	0.0021951206983156636
0.0319382	0.0022196209701406356
0.0320118	0.002244391105752712
0.0320856	0.0022694343856348867
0.0321595	0.0022949664186516666
0.0322337	0.0023204524912261233
0.032308	0.0023464235959423495
0.0323825	0.00237258576939187
0.0324571	0.00239908524555127
0.0325319	0.002425779062418076
0.0326069	0.0024528808001626923
0.0326821	0.0024801662889367172
0.0327574	0.0025078143113414137
0.0328329	0.0025359164612164713
0.0329086	0.0025640648872952746
0.0329845	0.0025926321109569802
0.0330605	0.002621537545903748
0.0331367	0.002650672317161847
0.0332131	0.0026801049633296808
0.0332897	0.0027101716157236057
0.0333664	0.002740516442889168
0.0334434	0.0027708765109341876
0.0335205	0.0028016723964631313
0.0335977	0.00283303026095116
0.0336752	0.0028644942618751383
0.0337528	0.002896359607002366
0.0338306	0.0029287305065320963
0.0339086	0.0029614159689413627
0.0339868	0.0029942935229570733
0.0340651	0.0030276236642603014
0.0341436	0.0030615587950881718
0.0342224	0.0030957030916893735
0.0343012	0.0031301740842249264
0.0343803	0.003164648921724182
0.0344596	0.00319972213724889
0.034539	0.0032360783402378213
0.0346186	0.00327125605087155
0.0346984	0.0033088816852288273
0.0347784	0.0033463318329514523
0.0348586	0.0033819458175419173
0.034939	0.0034202115936226105
0.0350195	0.0034593404506589255
0.0351002	0.0034966363162812074
0.0351811	0.003536462980671596
0.0352622	0.0035752205827056668
0.0353435	0.003614866381698864
0.035425	0.0036561098714795225
0.0355067	0.00369729557580923
0.0355885	0.003737844730595871
0.0356706	0.0037795623480429454
0.0357528	0.0038219088056772863
0.0358352	0.0038637259320829656
0.0359178	0.003908872716615531
0.0360006	0.0039511021862986065
0.0360836	0.0039954135122783315
0.0361668	0.004039338853824592
0.0362502	0.00408586230031088
0.0363337	0.0041300658557929994
0.0364175	0.004176773377367254
0.0365014	0.004222763959054712
0.0365856	0.00427209208114371
0.0366699	0.004317603215988541
0.0367544	0.00436840586545254
0.0368392	0.004415140101444708
0.0369241	0.004464791631127994
0.0370092	0.004515063221253617
0.0370945	0.004565171609754818
0.03718	0.004616252557808732
0.0372658	0.004666891036977513
0.0373517	0.004719938651761209
0.0374378	0.004772650009668525
0.0375241	0.004827310053183886
0.0376106	0.004879869792477257
0.0376973	0.004935835280630038
0.0377842	0.004989645635118532
0.0378713	0.005047312697277084
0.0379586	0.005104091147006271
0.0380461	0.005161168133046587
0.0381338	0.005218308332766515
0.0382217	0.005277753548876369
0.0383098	0.005337089294430298
0.0383981	0.005395910278717556
0.0384866	0.0054582148966692045
0.0385754	0.005517963545485477
0.0386643	0.005580781026030644
0.0387534	0.005642571569667199
0.0388427	0.005705728636791204
0.0389323	0.00577147270879183
0.039022	0.005835006718495886
0.039112	0.005902302914205671
0.0392021	0.005967304121242256
0.0392925	0.006036220030460918
0.0393831	0.00610306393998212
0.0394739	0.006171938304823869
0.0395649	0.006242970151460143
0.0396561	0.006314589821590817
0.0397475	0.0063842852779306325
0.0398391	0.006456766802187228
0.039931	0.0065295840416764025
0.040023	0.006603596708449592
0.0401153	0.006677944894000865
0.0402078	0.006752338719206765
0.0403004	0.006829365241316852
0.0403934	0.006908582913616078
0.0404865	0.006985091258118784
0.0405798	0.007065582626008358
0.0406733	0.0071446814365862
0.0407671	0.007225653986271115
0.0408611	0.007308716141005183
0.0409553	0.007391581376441668
0.0410497	0.007475522643616115
0.0411443	0.007559110097732214
0.0412392	0.007644979900201258
0.0413342	0.007733361744944029
0.0414295	0.007822714144737005
0.041525	0.007911516129696422
0.0416207	0.008000392900189782
0.0417167	0.00809295590891211
0.0418129	0.0081848583683825
0.0419092	0.008276836584211026
0.0420059	0.00837222477219306
0.0421027	0.008468466623657873
0.0421998	0.00856619370151084
0.042297	0.008662980391313106
0.0423945	0.008762816470345996
0.0424923	0.008863214749248076
0.0425902	0.008964534429847742
0.0426884	0.009066874763656882
0.0427868	0.009170575096076378
0.0428854	0.009276721972239535
0.0429843	0.009384597498530182
0.0430834	0.009491515893253309
0.0431827	0.00960103016964973
0.0432823	0.009711263172164714
0.043382	0.009824199723913442
0.043482	0.009936747794426165
0.0435823	0.010052300533921296
0.0436827	0.01016818722146873
0.0437834	0.010284745619897243
0.0438844	0.010405769997445696
0.0439855	0.010524049901133486
0.0440869	0.01064768685349496
0.0441886	0.01076955388176443
0.0442904	0.010895760367542362
0.0443925	0.011022114210488536
0.0444949	0.01114913404305541
0.0445974	0.011279733599196439
0.0447002	0.011410054946780572
0.0448033	0.011543417556240967
0.0449066	0.011678225119886724
0.0450101	0.011799704987027648
0.0451138	0.011950874810956497
0.0452178	0.012026134982605855
0.0453221	0.01222122464065099
0.0454266	0.012357105859919535
0.0455313	0.012468425775647024
0.0456362	0.012610330620383832
0.0457414	0.012802084244980916
0.0458469	0.012927700743926157
0.0459526	0.013121780620534727
0.0460585	0.013266652322197897
0.0461647	0.013357193121124634
0.0462711	0.0135618058047644
0.0463778	0.013712695270664883
0.0464847	0.013906283286724202
0.0465918	0.014019113774771956
0.0466992	0.014252078507969048
0.0468069	0.014423597507851492
0.0469148	0.01450335979427972
0.047023	0.014753951390856312
0.0471313	0.014897637780157054
0.04724	0.015126520235213476
0.0473489	0.015269130800377447
0.047458	0.015477917910461778
0.0475675	0.01570569830498302
0.0476771	0.015899025337084104
0.047787	0.01601337046117864
0.0478972	0.01621593408415751
0.0480076	0.016429950291780123
0.0481183	0.016623439564254015
0.0482292	0.016811418456913266
0.0483404	0.017015043257811346
0.0484518	0.017184506472355657
0.0485635	0.017458952542724022
0.0486754	0.017620418474542095
0.0487876	0.017857343872476106
0.0489001	0.018014873903149133
0.0490128	0.01829479824967068
0.0491258	0.018510859345594
0.0492391	0.018738938528491376
0.0493526	0.018968895087199213
0.0494664	0.019156015831286902
0.0495804	0.019371528012441665
0.0496947	0.01958976296374965
0.0498092	0.01990785621478781
0.0499241	0.020144900855776582
0.0500391	0.02042042672972946
0.0501545	0.020557975456974006
0.0502701	0.02087784960909912
0.050386	0.02110729742336855
0.0505022	0.021302544665246635
0.0506186	0.021663076817244355
0.0507353	0.02191134183701318
0.0508522	0.022172673630362197
0.0509694	0.02250334808185639
0.0510869	0.022725304968609767
0.0512047	0.02304445293412921
0.0513227	0.02331596284128241
0.0514411	0.023562732922809557
0.0515596	0.023953343449145403
0.0516785	0.02422849867516176
0.0517976	0.024489540503088318
0.051917	0.024801799677192957
0.0520367	0.025134156591677472
0.0521567	0.025414972929278884
0.0522769	0.025733378048015367
0.0523974	0.02608283140094513
0.0525182	0.026445723935679247
0.0526393	0.026801706931497943
0.0527606	0.02707755755597602
0.0528822	0.027478586031136322
0.0530042	0.027855635586647293
0.0531263	0.028157329210603
0.0532488	0.028492885425264063
0.0533716	0.028848112554870305
0.0534946	0.02929966788396498
0.0536179	0.02967063809094696
0.0537415	0.030056715867602085
0.0538654	0.0304218710019479
0.0539896	0.030795177068839906
0.054114	0.03126662692240801
0.0542388	0.03162136091342476
0.0543638	0.0320462177327396
0.0544891	0.03244520017856376
0.0546147	0.03283217970298564
0.0547406	0.033264365691035566
0.0548668	0.03373875341245089
0.0549933	0.03418014443396302
0.0551201	0.034683145374344485
0.0552471	0.035111210549206275
0.0553745	0.035521293351635695
0.0555022	0.03601240095656447
0.0556301	0.036556285298122555
0.0557583	0.03708412102717845
0.0558869	0.037497889481794604
0.0560157	0.03799968749561583
0.0561448	0.03858074734881872
0.0562743	0.03906008431605165
0.056404	0.039585802366906404
0.056534	0.04021790038775701
0.0566643	0.04066362362923581
0.056795	0.04123016349344546
0.0569259	0.04184062499447741
0.0570571	0.0423851208220788
0.0571887	0.042940587461325626
0.0573205	0.043530872860318044
0.0574526	0.04410294246261293
0.0575851	0.04483241489345662
0.0577178	0.045486761529882735
0.0578509	0.046199651070003955
0.0579842	0.046797628145550586
0.0581179	0.04747984791986593
0.0582519	0.048107795035242235
0.0583862	0.04887081640038634
0.0585207	0.049440110698326815
0.0586557	0.050206836049927976
0.0587909	0.05093828672012341
0.0589264	0.05166043499565253
0.0590622	0.05244644525679735
0.0591984	0.05327009887181645
0.0593349	0.054055045124202845
0.0594716	0.054748713919011587
0.0596087	0.05567293292736197
0.0597461	0.05648238006185328
0.0598839	0.05724275936636054
0.0600219	0.058215787823369
0.0601603	0.05898515122983643
0.060299	0.059908928029054884
0.060438	0.06086286951502373
0.0605773	0.06175525750720361
0.0607169	0.06277159389838538
0.0608569	0.06375903134199877
0.0609972	0.06479216424632096
0.0611378	0.06578927953135287
0.0612787	0.06680584357654486
0.06142	0.06789536977964848
0.0615616	0.06890188002238684
0.0617035	0.07006200916432895
0.0618458	0.0711967713592938
0.0619883	0.07235740878947725
0.0621312	0.07349901729796315
0.0622744	0.07493938649960812
0.062418	0.07605896680838807
0.0625619	0.07745159648109382
0.0627061	0.07878375828752077
0.0628507	0.08028328519540877
0.0629956	0.08155401960305818
0.0631408	0.08317134190590375
0.0632863	0.08455688066186101
0.0634322	0.08594799854553775
0.0635784	0.08770141648780266
0.063725	0.08936503065913393
0.0638719	0.09102697087696135
0.0640191	0.09275215320695203
0.0641667	0.09449024847825592
0.0643146	0.09632001667601313
0.0644629	0.09810786051113679
0.0646115	0.10001508591533645
0.0647605	0.10202873614300523
0.0649097	0.1040984925506584
0.0650594	0.10613524122203942
0.0652094	0.1084426948184346
0.0653597	0.11043867983536718
0.0655103	0.11262273999810006
0.0656614	0.11476982726899335
0.0658127	0.11700232271800398
0.0659644	0.11928539078959856
0.0661165	0.12159943658459223
0.0662689	0.12378790442894219
0.0664217	0.1259871082475055
0.0665748	0.12848357786348855
0.0667283	0.13072008933150553
0.0668821	0.13279087865187275
0.0670363	0.13513594183507407
0.0671908	0.1372233622241095
0.0673457	0.13950734310381835
0.0675009	0.14158570062889972
0.0676566	0.1438144546977943
0.0678125	0.14604584657321068
0.0679688	0.14808025143543485
0.0681255	0.15011825048844607
0.0682826	0.1518967569313345
0.06844	0.15408710473682385
0.0685978	0.15599585327850155
0.0687559	0.15793551660771976
0.0689144	0.16024043106801783
0.0690732	0.16205975112071352
0.0692325	0.16415212042314045
0.0693921	0.1659972291500217
0.069552	0.16789599315993428
0.0697124	0.17026625907496024
0.0698731	0.17214686734678236
0.0700342	0.1744273933771943
0.0701956	0.17657038692423474
0.0703574	0.17881518752700865
0.0705196	0.18111474145072237
0.0706822	0.18320478380195016
0.0708451	0.1856859690032673
0.0710084	0.18813584871914002
0.0711721	0.19055616594665728
0.0713362	0.1933042817794331
0.0715006	0.19592309729880547
0.0716655	0.19854532886048423
0.0718307	0.20137428256742934
0.0719963	0.2042529750510162
0.0721622	0.2072792222949396
0.0723286	0.2100978587820112
0.0724953	0.21338308895175767
0.0726624	0.21638643968247817
0.0728299	0.21972878513169608
0.0729978	0.22318762735908199
0.0731661	0.226361889449536
0.0733348	0.2298860254844977
0.0735038	0.23334772773182202
0.0736733	0.23691275724674254
0.0738431	0.24071956155669053
0.0740133	0.24441308472265932
0.0741839	0.24822544690560105
0.0743549	0.25223292051846685
0.0745264	0.2559346622984578
0.0746982	0.26029170678470115
0.0748704	0.26423829812129374
0.0750429	0.2682624964196342
0.0752159	0.2724806766561691
0.0753893	0.2769110729413313
0.0755631	0.28103392214639433
0.0757373	0.2854654954840953
0.0759119	0.2898565169937847
0.0760869	0.2941792636740123
0.0762623	0.29884852845458904
0.0764381	0.3031413440861336
0.0766143	0.30768510861835247
0.0767909	0.312384875616898
0.0769679	0.31687891228157133
0.0771454	0.32139134146923976
0.0773232	0.3261342074565907
0.0775015	0.3307139074478851
0.0776801	0.3354635664658068
0.0778592	0.34010389859500295
0.0780387	0.34471845225362213
0.0782186	0.34952234802916887
0.0783989	0.35427670214553525
0.0785796	0.3587348848186808
0.0787608	0.36365692686968976
0.0789423	0.368095518502328
0.0791243	0.3725568188798521
0.0793067	0.37722095669582467
0.0794895	0.38181298298529487
0.0796728	0.3861414485302457
0.0798564	0.39076974704591205
0.0800405	0.3949850869493402
0.080225	0.3993412272721256
0.08041	0.4037652935638568
0.0805953	0.40775860296197985
0.0807811	0.4118622641652402
0.0809673	0.415933918801747
0.081154	0.41979131695505867
0.0813411	0.42381551985186305
0.0815286	0.42750420784711995
0.0817165	0.4310400877924403
0.0819049	0.4347982488741864
0.0820937	0.43833548062560446
0.082283	0.44180348787808443
0.0824726	0.4452262827904686
0.0826628	0.4484283986011789
0.0828533	0.4517249214303859
0.0830443	0.4547662345494222
0.0832357	0.4576853783940604
0.0834276	0.46070055595289905
0.0836199	0.46368524722583526
0.0838127	0.4664549425607391
0.0840059	0.46921094173557115
0.0841996	0.4719512171413073
0.0843937	0.47469512615612797
0.0845882	0.47710586103348634
0.0847832	0.47962123300956944
0.0849787	0.48213765032898726
0.0851746	0.4845177925386256
0.0853709	0.4868351348969336
0.0855677	0.4891091948054242
0.085765	0.4913738384048275
0.0859627	0.4936172721189382
0.0861608	0.49582681295522923
0.0863595	0.498028928816348
0.0865585	0.5001114253474226
0.0867581	0.5023337361762066
0.0869581	0.5045396320107653
0.0871585	0.5067343675320845
0.0873594	0.5089446960969377
0.0875608	0.5112614293662852
0.0877627	0.5135606075902381
0.087965	0.5158676278035516
0.0881678	0.5181710805714718
0.088371	0.5206732956669774
0.0885747	0.5230416155873994
0.0887789	0.5256736098501408
0.0889836	0.5281553264742832
0.0891887	0.5307360288593332
0.0893943	0.5333869476182594
0.0896004	0.5360513960440098
0.0898069	0.5386628573460164
0.090014	0.5413291535948425
0.0902215	0.5440173882858977
0.0904294	0.5467857497572389
0.0906379	0.5494050125983964
0.0908469	0.5520397985914687
0.0910563	0.5547164914246622
0.0912662	0.557300947676908
0.0914766	0.5598406143783282
0.0916874	0.5623649951246847
0.0918988	0.5647811790397608
0.0921107	0.5672301944237423
0.092323	0.5695584757540096
0.0925358	0.571771440146452
0.0927491	0.5739874759045026
0.0929629	0.5760368682814537
0.0931772	0.5780710304476128
0.093392	0.5799802826652847
0.0936073	0.5818525697818497
0.0938231	0.5836657064493411
0.0940394	0.5853156964441456
0.0942562	0.5869472704320485
0.0944735	0.588500226238653
0.0946913	0.5900114633639559
0.0949095	0.5913681149228844
0.0951283	0.5927212976640702
0.0953476	0.593965996982263
0.0955674	0.5952084463699399
0.0957877	0.5963333810638577
0.0960085	0.5973826508985185
0.0962299	0.5984320244952522
0.0964517	0.5994434775962004
0.096674	0.6003851628325312
0.0968969	0.6012773001494831
0.0971203	0.6020719302750437
0.0973442	0.6029494634767119
0.0975686	0.6037018932203474
0.0977935	0.6044383692737888
0.0980189	0.6052050353268194
0.0982449	0.6059127057568224
0.0984713	0.6065828804537633
0.0986983	0.6072664914771052
0.0989259	0.6078682132871918
0.0991539	0.6085400008857581
0.0993825	0.6091139325246521
0.0996116	0.6097264819367967
0.0998412	0.610279000635033
0.100071	0.6108341175596926
0.100302	0.6114109829240569
0.100533	0.6119444709377226
0.100765	0.6124707204695343
0.100997	0.6129966244943734
0.10123	0.6135041528691266
0.101464	0.614008749626038
0.101697	0.6145132524834652
0.101932	0.6149674197650399
0.102167	0.6154628141719403
0.102402	0.6158973489929425
0.102638	0.6163768684534503
0.102875	0.6168096791057265
0.103112	0.6172639980263304
0.10335	0.6176948855127338
0.103588	0.6181170602761082
0.103827	0.6185282926250253
0.104066	0.6189186835700556
0.104306	0.6193547016189247
0.104547	0.619713366210089
0.104788	0.6201003450399193
0.105029	0.6204514483283221
0.105271	0.6208005288689248
0.105514	0.6211472667956945
0.105757	0.6214702807614304
0.106001	0.6217995646386358
0.106245	0.6221079426785546
0.10649	0.622423006022389
0.106736	0.6226959357654969
0.106982	0.6229751325921505
0.107228	0.623222786847652
0.107476	0.6234850210324793
0.107723	0.623698454035354
0.107972	0.6239294661671668
0.108221	0.6241195267924459
0.10847	0.6243021731819047
0.10872	0.6244649382741317
0.108971	0.624616045191446
0.109222	0.6247438430802463
0.109474	0.6248583284198383
0.109726	0.6249308040251101
0.109979	0.6249986201982014
0.110233	0.6250495892685255
0.110487	0.6250635853360054
0.110741	0.6250248171297199
0.110997	0.6249785205953806
0.111253	0.624894700994276
0.111509	0.6247668276658058
0.111766	0.6246043020078811
0.112024	0.624403514992259
0.112282	0.6241611139147092
0.112541	0.6238474240678632
0.1128	0.6234996723301671
0.11306	0.6230844956539556
0.113321	0.6225973917582073
0.113582	0.6220558165595056
0.113844	0.6214474632020643
0.114106	0.6207294205626517
0.114369	0.6199712930810389
0.114633	0.6191249019266398
0.114897	0.6182003594067919
0.115162	0.6171741883716575
0.115428	0.6160549298918938
0.115694	0.6148526583387967
0.11596	0.6135414003723177
0.116228	0.6121729955856205
0.116496	0.6106939418359913
0.116764	0.6091325707476175
0.117033	0.6075076465653845
0.117303	0.6058023890037082
0.117574	0.6040411859390498
0.117845	0.6022212693623223
0.118116	0.600364787412991
0.118389	0.5984723241896874
0.118662	0.5965621608131528
0.118935	0.5946724129849342
0.119209	0.5927852685969601
0.119484	0.5909300073818703
0.119759	0.5891255299470638
0.120036	0.5874010742681163
0.120312	0.5857471719696026
0.12059	0.584199490667195
0.120868	0.5827654796697139
0.121146	0.581448587174621
0.121425	0.5802774823188249
0.121705	0.5792294487033792
0.121986	0.5783296660883711
0.122267	0.5775619076324335
0.122549	0.5769449211327852
0.122832	0.5764603491254418
0.123115	0.5760972729892327
0.123398	0.5758619221309271
0.123683	0.5757318807296239
0.123968	0.5757086907074161
0.124254	0.5757895718694211
0.12454	0.5759574440227219
0.124827	0.5762139494934817
0.125115	0.576531257182875
0.125404	0.5769258711278932
0.125693	0.5773843993578782
0.125982	0.5778827824877613
0.126273	0.5784383782721055
0.126564	0.5790174026933383
0.126856	0.579632158887565
0.127148	0.5802591424583103
0.127441	0.5809012451134974
0.127735	0.5815423467455623
0.128029	0.582174028460436
0.128325	0.582804657498586
0.12862	0.5834156480281315
0.128917	0.5840076188089832
0.129214	0.5845673096122206
0.129512	0.5851117985558238
0.129811	0.5856210891364196
0.13011	0.5861173674550563
0.13041	0.5865648226193985
0.13071	0.5869983017941602
0.131012	0.587401917608713
0.131314	0.5877723995281715
0.131616	0.588130799149722
0.13192	0.5884520211643964
0.132224	0.5887635295672873
0.132529	0.5890432093551666
0.132834	0.5893157095902425
0.13314	0.5895692290069415
0.133447	0.58980268824116
0.133755	0.5900321404085219
0.134063	0.5902507277458646
0.134372	0.5904499969522269
0.134682	0.5906349461399054
0.134993	0.590823217225342
0.135304	0.5909951396314398
0.135616	0.5911599086433866
0.135928	0.5913162107465321
0.136242	0.5914633867188823
0.136556	0.5916045143412559
0.136871	0.5917435144039243
0.137186	0.5918680732711747
0.137502	0.5919859939695933
0.137819	0.5920987201848859
0.138137	0.5922076564274232
0.138455	0.5923121908800675
0.138775	0.5924061618151014
0.139094	0.5925004995567531
0.139415	0.5925962968193811
0.139737	0.5926923568530267
0.140059	0.5927950464452898
0.140382	0.5928965077545875
0.140705	0.5930160685876072
0.141029	0.5931483228781181
0.141355	0.5932936680999927
0.14168	0.5934662809160167
0.142007	0.5936635022552149
0.142334	0.5938814194196403
0.142663	0.5941430202709264
0.142991	0.5944322067901948
0.143321	0.5947643876238036
0.143651	0.5951305980427583
0.143983	0.5955391021235171
0.144314	0.5959875287592576
0.144647	0.5964777162318616
0.144981	0.5970106341792949
0.145315	0.5975756571971164
0.14565	0.5981743165574028
0.145986	0.5987961698303803
0.146322	0.5994373395056996
0.146659	0.6000990243855215
0.146997	0.6007730749556465
0.147336	0.601451014150433
0.147676	0.602114420239747
0.148016	0.6027783605137736
0.148358	0.6034159588317581
0.1487	0.604035912668412
0.149042	0.6046275621806438
0.149386	0.6051753195041808
0.14973	0.6056968791561386
0.150076	0.6061702834374032
0.150421	0.6065998671972921
0.150768	0.6069895958887762
0.151116	0.6073242841887692
0.151464	0.6076171387825356
0.151813	0.6078704493630622
0.152163	0.6080737364115443
0.152514	0.608237488759986
0.152866	0.6083678474562172
0.153218	0.6084619366264267
0.153571	0.6085272375860131
0.153925	0.6085691688932522
0.15428	0.6085938755339518
0.154636	0.6086051804090568
0.154992	0.6086137545609233
0.15535	0.6086270615561484
0.155708	0.6086483510411628
0.156067	0.6086878553180746
0.156426	0.608753720903443
0.156787	0.6088526953431719
0.157148	0.6089917719146981
0.157511	0.6091814996798229
0.157874	0.6094260081119857
0.158238	0.6097318697827978
0.158602	0.6101023641454043
0.158968	0.610549775899682
0.159335	0.6110710636260999
0.159702	0.6116733016057618
0.16007	0.6123568700292492
0.160439	0.6131234352641983
0.160809	0.6139707639668801
0.16118	0.6148908144576082
0.161551	0.6158924771386273
0.161923	0.6169668162102242
0.162297	0.6181059868323949
0.162671	0.6193101114875275
0.163046	0.6205645690035527
0.163422	0.62186853016205
0.163798	0.6232109092755743
0.164176	0.6245865407974148
0.164555	0.6259895523538563
0.164934	0.6274072064557628
0.165314	0.6288391605933574
0.165695	0.6302773514653817
0.166077	0.6317175129684895
0.16646	0.6331507592495315
0.166844	0.6345706014239911
0.167228	0.6359789542445329
0.167614	0.6373648632412494
0.168	0.6387292659065826
0.168388	0.6400660110694596
0.168776	0.6413707290856643
0.169165	0.6426401321383328
0.169555	0.6438696878105569
0.169946	0.6450536965290893
0.170337	0.6461896451875198
0.17073	0.6472727316896079
0.171124	0.6482977282958546
0.171518	0.6492596208428258
0.171913	0.6501599892930824
0.17231	0.6509876101856906
0.172707	0.6517468089570446
0.173105	0.652430328494785
0.173504	0.6530452792763831
0.173904	0.6535877654387412
0.174305	0.6540624035115528
0.174707	0.6544712887849637
0.17511	0.6548225857197407
0.175513	0.6551172024733329
0.175918	0.6553677607294119
0.176323	0.6555793331712219
0.17673	0.6557648388708673
0.177137	0.6559271237016697
0.177546	0.656077651795336
0.177955	0.656231563115998
0.178365	0.6563902702818103
0.178776	0.6565681799021046
0.179188	0.6567702522996415
0.179601	0.6570029872171661
0.180015	0.6572671473757212
0.18043	0.6575602805595071
0.180846	0.657868438406461
0.181263	0.6581729417387048
0.181681	0.6584496137599591
0.1821	0.6586716926425649
0.18252	0.6588132774217914
0.182941	0.6588618460188403
0.183362	0.6588128566770284
0.183785	0.6586800954458523
0.184209	0.6584848599941584
0.184633	0.6582526824670453
0.185059	0.6580094794882609
0.185485	0.6577749499089567
0.185913	0.6575644300957177
0.186342	0.6573815574265622
0.186771	0.6572275497221214
0.187202	0.6570993147779329
0.187633	0.6569929028699221
0.188066	0.656901532787447
0.188499	0.6568269173074963
0.188934	0.6567631507322769
0.189369	0.6567061729659085
0.189806	0.6566603912870774
0.190244	0.6566214349945294
0.190682	0.6565886177671696
0.191122	0.6565620396470587
0.191562	0.6565409795687122
0.192004	0.6565261843742123
0.192446	0.6565163893709821
0.19289	0.6565132941622356
0.193335	0.6565143211191917
0.19378	0.6565186448226327
0.194227	0.6565293594127474
0.194675	0.6565452049892352
0.195124	0.6565638226427513
0.195573	0.6565873282745947
0.196024	0.656614677716147
0.196476	0.6566473539986202
0.196929	0.6566828194023855
0.197383	0.6567226479678683
0.197838	0.6567661247917518
0.198294	0.6568120677224687
0.198751	0.6568631163389569
0.199209	0.6569161340579078
0.199669	0.6569721664056702
0.200129	0.6570311969195297
0.20059	0.6570939508089674
0.201053	0.6571598571099087
0.201516	0.6572281819569383
0.201981	0.6572989703972227
0.202446	0.6573729270534938
0.202913	0.6574493799576171
0.203381	0.6575281609339965
0.20385	0.6576097089221628
0.20432	0.6576938858057787
0.204791	0.6577801536541705
0.205263	0.6578688970077314
0.205736	0.6579592681813692
0.20621	0.6580529092141296
0.206685	0.6581483752420627
0.207162	0.6582464446211731
0.207639	0.6583476309449158
0.208118	0.6584504632243007
0.208598	0.6585562207105602
0.209079	0.6586641848065347
0.209561	0.6587752128396663
0.210044	0.6588885870208575
0.210528	0.6590048839185341
0.211013	0.6591245755122659
0.2115	0.6592470871647729
0.211987	0.6593737658283211
0.212476	0.6595042558690916
0.212966	0.6596376876255777
0.213457	0.6597762005922885
0.213949	0.6599186375391812
0.214442	0.6600656134188109
0.214936	0.6602164721792348
0.215432	0.6603723862191504
0.215928	0.6605308447183964
0.216426	0.6606940163293783
0.216925	0.6608583359137248
0.217425	0.6610236330364141
0.217926	0.6611877424450786
0.218429	0.6613468664421598
0.218932	0.6614989936489672
0.219437	0.6616388607352306
0.219943	0.6617605629190401
0.22045	0.6618597568508109
0.220958	0.6619275110606552
0.221467	0.6619565393949364
0.221978	0.661937563171319
0.22249	0.6618617895024559
0.223003	0.6617191064922725
0.223517	0.6615006934389831
0.224032	0.6611961675721888
0.224548	0.6607969195023001
0.225066	0.6602961322981206
0.225585	0.659687708361514
0.226105	0.6589667126485722
0.226626	0.6581329420249109
0.227149	0.6571862449365322
0.227672	0.6561309970739332
0.228197	0.6549725483928286
0.228723	0.653721053428783
0.22925	0.6523894620048402
0.229779	0.6509917946718393
0.230308	0.6495475838276428
0.230839	0.6480750100529016
0.231372	0.6465974587639391
0.231905	0.6451383507946509
0.232439	0.6437209976194797
0.232975	0.6423719926431464
0.233512	0.6411148928904018
0.234051	0.6399752104666834
0.23459	0.6389740628582489
0.235131	0.6381340124507333
0.235673	0.6374732456330707
0.236216	0.6370064862770997
0.236761	0.6367461528330902
0.237307	0.6367000097032218
0.237854	0.6368723083174176
0.238402	0.6372619290790404
0.238952	0.6378644485886479
0.239502	0.6386713708790965
0.240055	0.6396707451668305
0.240608	0.6408471590943755
0.241163	0.6421833340065144
0.241718	0.6436602862022448
0.242276	0.6452575801997701
0.242834	0.6469559958239619
0.243394	0.648734582754573
0.243955	0.6505761654626689
0.244517	0.652463793729803
0.245081	0.6543822120680023
0.245646	0.6563188414206241
0.246212	0.6582629186534953
0.24678	0.6602066603937076
0.247349	0.6621436151916456
0.247919	0.6640707227215246
0.248491	0.665984848332982
0.249063	0.6678860407716267
0.249638	0.6697754429246267
0.250213	0.6716542058780038
0.25079	0.6735256891160164
0.251368	0.6753939101917803
0.251947	0.6772626558494772
0.252528	0.6791369514716432
0.25311	0.6810208869105108
0.253694	0.6829192865449956
0.254279	0.6848370529910703
0.254865	0.6867780149545919
0.255452	0.6887465297822482
0.256041	0.690745387862775
0.256631	0.6927771766550536
0.257223	0.6948435881412511
0.257816	0.6969454063697192
0.25841	0.6990812246206117
0.259006	0.7012497374379493
0.259603	0.7034464431230225
0.260202	0.7056663403397276
0.260801	0.7079021546567896
0.261403	0.7101443880629644
0.262005	0.7123821843940505
0.262609	0.7146025544068669
0.263215	0.7167906485296656
0.263821	0.7189306470468539
0.264429	0.7210042199227461
0.265039	0.7229940491023349
0.26565	0.7248811998368521
0.266262	0.7266468643955584
0.266876	0.7282735916950607
0.267491	0.7297442451265608
0.268108	0.7310439644825593
0.268726	0.7321595575543144
0.269346	0.733079847916597
0.269967	0.7337972172795404
0.270589	0.7343061145857914
0.271213	0.7346043151672872
0.271838	0.734692432364506
0.272464	0.7345743218074419
0.273093	0.7342570019868679
0.273722	0.73375040505189
0.274353	0.7330672738408857
0.274986	0.7322237093280838
0.275619	0.7312384574114523
0.276255	0.7301326962901347
0.276892	0.7289304456358212
0.27753	0.727656238906746
0.27817	0.7263360568546114
0.278811	0.7249937622920213
0.279454	0.7236505252450773
0.280098	0.7223211507352933
0.280744	0.7210117681824848
0.281391	0.719716868226453
0.282039	0.7184178055023025
0.28269	0.7170822976654618
0.283341	0.7156653697322944
0.283994	0.714113198419281
0.284649	0.7123678897615108
0.285305	0.7103738495121791
0.285963	0.708083345451352
0.286622	0.7054615360178164
0.287283	0.7024897457850461
0.287945	0.6991660675074906
0.288609	0.6955052008521969
0.289274	0.6915360618621035
0.289941	0.6872989733786371
0.29061	0.6828424719570696
0.291279	0.6782199210176308
0.291951	0.6734867552058548
0.292624	0.6686975230793963
0.293299	0.6639039452406251
0.293975	0.6591527779096816
0.294652	0.6544847442144957
0.295332	0.6499334115417249
0.296012	0.6455249363253123
0.296695	0.6412781378181293
0.297379	0.6372052143394439
0.298064	0.6333124040059699
0.298751	0.6296012353652636
0.29944	0.6260695356365586
0.30013	0.622712741798479
0.300822	0.6195244723115985
0.301516	0.6164976533509152
0.302211	0.6136247422962456
0.302907	0.6108982859769059
0.303606	0.6083109183234603
0.304306	0.6058556015631616
0.305007	0.6035256405793737
0.30571	0.6013146027692431
0.306415	0.5992162601953661
0.307121	0.5972246477103897
0.307829	0.5953340274997226
0.308539	0.5935387521792558
0.30925	0.5918334081278427
0.309963	0.5902127346181976
0.310678	0.5886716430536317
0.311394	0.5872051649185768
0.312112	0.5858086265707355
0.312831	0.5844774987193875
0.313552	0.5832074688685006
0.314275	0.5819945076554967
0.315	0.5808347609232091
0.315726	0.579724680719472
0.316453	0.5786609752152431
0.317183	0.5776405807657216
0.317914	0.576660746078649
0.318647	0.5757189610191769
0.319382	0.5748129944214572
0.320118	0.5739408309777777
0.320856	0.5731007650490041
0.321595	0.5722912843603254
0.322337	0.5715111116633755
0.32308	0.5707592262120768
0.323825	0.5700347651991132
0.324571	0.5693370982951059
0.325319	0.5686657735745978
0.326069	0.5680204918764202
0.326821	0.5674011509947998
0.327574	0.5668077829615783
0.328329	0.5662405924355388
0.329086	0.5656999204769108
0.329845	0.5651862537630998
0.330605	0.5647002371439971
0.331367	0.5642426410800819
0.332131	0.5638143908117915
0.332897	0.5634165589618485
0.333664	0.5630503548832424
0.334434	0.562717143899847
0.335205	0.5624184232584121
0.335977	0.5621558301867704
0.336752	0.5619311322300536
0.337528	0.5617462078622794
0.338306	0.5616030447908233
0.339086	0.5615037194358538
0.339868	0.561450388750431
0.340651	0.5614452844506008
0.341436	0.5614907198664523
0.342224	0.5615891110043375
0.343012	0.5617430265499463
0.343803	0.5619552599417461
0.344596	0.5622289402299948
0.34539	0.5625676732806258
0.346186	0.562975701299882
0.346984	0.5634580712834504
0.347784	0.5640207665673928
0.348586	0.564670772598979
0.34939	0.565415988418186
0.350195	0.5662649626726867
0.351002	0.5672263498933705
0.351811	0.5683080785724334
0.352622	0.5695162073279851
0.353435	0.5708535494507407
0.35425	0.5723181898105186
0.355067	0.5739020708738524
0.355885	0.5755898891475921
0.356706	0.5773585067090915
0.357528	0.5791770841587943
0.358352	0.581007953584959
0.359178	0.582808180775884
0.360006	0.5845315610498324
0.360836	0.5861308835857795
0.361668	0.5875600583540727
0.362502	0.5887759871292614
0.363337	0.5897399343005777
0.364175	0.5904184890553146
0.365014	0.590784036254849
0.365856	0.5908149220389657
0.366699	0.5904954751811468
0.367544	0.5898157872826634
0.368392	0.5887715997493393
0.369241	0.5873642356871547
0.370092	0.5856004973693397
0.370945	0.5834926787806267
0.3718	0.5810586890765775
0.372658	0.5783219054973171
0.373517	0.5753111623698071
0.374378	0.5720604250338482
0.375241	0.5686082316998141
0.376106	0.5649966304736205
0.376973	0.5612700453796252
0.377842	0.5574735374579258
0.378713	0.5536507982282836
0.379586	0.5498423296171508
0.380461	0.5460835890326988
0.381338	0.5424036476405163
0.382217	0.5388242109139588
0.383098	0.5353596807596244
0.383981	0.532017491583913
0.384866	0.5287989973394079
0.385754	0.5257009427129807
0.386643	0.522716845110858
0.387534	0.5198382842877398
0.388427	0.5170560060488194
0.389323	0.5143609549862171
0.39022	0.5117447121947485
0.39112	0.5092000038515502
0.392021	0.506720607543808
0.392925	0.5043015462904136
0.393831	0.501939047899957
0.394739	0.4996299762944467
0.395649	0.49737202228659405
0.396561	0.495163583440697
0.397475	0.4930032546585203
0.398391	0.4908900355990518
0.39931	0.4888229095807065
0.40023	0.4868010629514461
0.401153	0.4848236724790478
0.402078	0.48288985916917626
0.403004	0.480998715603172
0.403934	0.4791492889473027
0.404865	0.4773404952863944
0.405798	0.47557118895513145
0.406733	0.4738401972916516
0.407671	0.4721463298277101
0.408611	0.47048817480412125
0.409553	0.4688646621814735
0.410497	0.46727423175687277
0.411443	0.4657157712379747
0.412392	0.46418777896699076
0.413342	0.46268912798770256
0.414295	0.4612184802511418
0.41525	0.4597746777984186
0.416207	0.45835654569905526
0.417167	0.45696294487048766
0.418129	0.4555927748408934
0.419092	0.4542450769788129
0.420059	0.45291892674138523
0.421027	0.45161331897999235
0.421998	0.45032751040797997
0.42297	0.44906066302840214
0.423945	0.4478120290274769
0.424923	0.44658095130449327
0.425902	0.4453668014257478
0.426884	0.44416901140435466
0.427868	0.4429870039197701
0.428854	0.44182023090326433
0.429843	0.4406683100909655
0.430834	0.4395306882909215
0.431827	0.43840714259472285
0.432823	0.4372970939896802
0.43382	0.4362003854383141
0.43482	0.43511662229792414
0.435823	0.4340454741914819
0.436827	0.43298678459968976
0.437834	0.4319401942391243
0.438844	0.430905457908546
0.439855	0.4298824215357615
0.440869	0.4288708054845532
0.441886	0.42787049488843776
0.442904	0.42688126214681665
0.443925	0.4259029055578044
0.444949	0.424935342643827
0.445974	0.42397833608230534
0.447002	0.423031765264786
0.448033	0.4220955308859849
0.449066	0.4211694268143857
0.450101	0.42025333827504957
0.451138	0.41934719995632974
0.452178	0.4184508286586982
0.453221	0.4175641668741087
0.454266	0.41668701973186895
0.455313	0.41581930918939936
0.456362	0.41496098475897164
0.457414	0.41411179353595756
0.458469	0.41327177806608456
0.459526	0.4124407881786192
0.460585	0.41161872367352303
0.461647	0.41080542190371794
0.462711	0.41000087255055473
0.463778	0.4092048733883634
0.464847	0.4084174015477384
0.465918	0.40763840774949217
0.466992	0.4068676657741448
0.468069	0.4061051891917171
0.469148	0.40535078713057454
0.47023	0.4046044827707279
0.471313	0.40386605865201813
0.4724	0.4031354666901676
0.473489	0.40241261274074713
0.47458	0.40169735425397585
0.475675	0.40098970612016765
0.476771	0.4002894417273106
0.47787	0.399596565442291
0.478972	0.39891095013439964
0.480076	0.3982324757837413
0.481183	0.3975610865094019
0.482292	0.3968965751532742
0.483404	0.3962390168032269
0.484518	0.39558822397166865
0.485635	0.39494411797523565
0.486754	0.3943065047341735
0.487876	0.3936754396059869
0.489001	0.3930507922292334
0.490128	0.3924324014633213
0.491258	0.39182025804412346
0.492391	0.3912141261538711
0.493526	0.39061408428943584
0.494664	0.39001998158010615
0.495804	0.38943174142197134
0.496947	0.388849197159387
0.498092	0.3882723548431491
0.499241	0.3877010881817297
0.500391	0.3871352456859933
0.501545	0.386574835078088
0.502701	0.38601969397225344
0.50386	0.385469770680701
0.505022	0.3849250679513718
0.506186	0.3843853752412804
0.507353	0.38385066213690516
0.508522	0.3833209079374696
0.509694	0.3827958165865738
0.510869	0.38227562420228023
0.512047	0.38176002068459525
0.513227	0.3812490007954282
0.514411	0.38074253576206946
0.515596	0.38024051589392344
0.516785	0.3797428686541698
0.517976	0.37924943331699457
0.51917	0.37876033013071303
0.520367	0.37827533633038407
0.521567	0.3777944335906437
0.522769	0.37731764757049524
0.523974	0.3768447289043641
0.525182	0.3763758046662772
0.526393	0.37591068122064336
0.527606	0.3754492998535395
0.528822	0.3749917130625849
0.530042	0.3745377935147988
0.531263	0.37408752752667324
0.532488	0.3736407272204003
0.533716	0.3731974469298567
0.534946	0.3727577138956307
0.536179	0.37232135937884825
0.537415	0.3718883513362262
0.538654	0.37145868002653815
0.539896	0.37103227502652864
0.54114	0.3706090846737723
0.542388	0.37018909990809123
0.543638	0.36977220922505716
0.544891	0.3693584253900585
0.546147	0.36894771371635304
0.547406	0.3685400038845042
0.548668	0.36813527562760967
0.549933	0.367733453468088
0.551201	0.36733457334536557
0.552471	0.3669385326506075
0.553745	0.3665453259188183
0.555022	0.3661548722997521
0.556301	0.3657672511384238
0.557583	0.36538236241893973
0.558869	0.3650001400189566
0.560157	0.3646206488321409
0.561448	0.36424371077799905
0.562743	0.3638693792318479
0.56404	0.36349766327463745
0.56534	0.36312855626715196
0.566643	0.3627618899803819
0.56795	0.36239779514895143
0.569259	0.36203616909541203
0.570571	0.36167692174376825
0.571887	0.3613201740378378
0.573205	0.36096581870556566
0.574526	0.3606137740136883
0.575851	0.36026413799683416
0.577178	0.3599168436739477
0.578509	0.3595718020533219
0.579842	0.35922914339316925
0.581179	0.35888872453222964
0.582519	0.3585505305597434
0.583862	0.35821461893897366
0.585207	0.3578808009435553
0.586557	0.35754927963894884
0.587909	0.3572198725060434
0.589264	0.35689263070814564
0.590622	0.35656749873609717
0.591984	0.35624453494889247
0.593349	0.3559236589642804
0.594716	0.3556048299735867
0.596087	0.35528810261258537
0.597461	0.35497336839816734
0.598839	0.3546606966673554
0.600219	0.3543501030103562
0.601603	0.35404136809750697
0.60299	0.35373473672848144
0.60438	0.3534300017520886
0.605773	0.35312725240493553
0.607169	0.3528264517260653
0.608569	0.3525275734006491
0.609972	0.35223059421660574
0.611378	0.35193547067825304
0.612787	0.3516422347771865
0.6142	0.35135089861758656
0.615616	0.35106139903370726
0.617035	0.3507737367540301
0.618458	0.3504878598817938
0.619883	0.35020385173479773
0.621312	0.3499215967983274
0.622744	0.3496411445910283
0.62418	0.34936251208798874
0.625619	0.3490855707570764
0.627061	0.3488104439259483
0.628507	0.3485369603353643
0.629956	0.34826522977534935
0.631408	0.3479952312251655
0.632863	0.34772696782154433
0.634322	0.34746029212176965
0.635784	0.3471953248175506
0.63725	0.34693204402069217
0.638719	0.34667042215725613
0.640191	0.3464104326887528
0.641667	0.34615201563567133
0.643146	0.34589526782313484
0.644629	0.34564009426136616
0.646115	0.3453865518099019
0.647605	0.34513451604564804
0.649097	0.3448841211246743
0.650594	0.3446353117455867
0.652094	0.34438799065369874
0.653597	0.34414224065437665
0.655103	0.3438979775668421
0.656614	0.3436552524734369
0.658127	0.3434140912764472
0.659644	0.34317441183538455
0.661165	0.34293617539027094
0.662689	0.3426994634633909
0.664217	0.34246420602230926
0.665748	0.3422304595332806
0.667283	0.34199806234332436
0.668821	0.34176714263124447
0.670363	0.34153765866981745
0.671908	0.34130966642665006
0.673457	0.3410829857970788
0.675009	0.3408577687263436
0.676566	0.3406339055211947
0.678125	0.3404114750396331
0.679688	0.34019035597863406
0.681255	0.33997066817047694
0.682826	0.3397523183869251
0.6844	0.3395353084692
0.685978	0.33931968924143174
0.687559	0.33910535614295095
0.689144	0.3388923915948582
0.690732	0.33868074133269194
0.692325	0.33847035301427536
0.693921	0.3382612930696652
0.69552	0.33805357708091666
0.697124	0.3378470911766052
0.698731	0.33764192309927127
0.700342	0.33743799227310073
0.701956	0.3372353439473025
0.703574	0.337033919056018
0.705196	0.3368338268325896
0.706822	0.3366348953280997
0.708451	0.3364372414771018
0.710084	0.3362408375815253
0.711721	0.33604562312436614
0.713362	0.33585163120447176
0.715006	0.3356588200937254
0.716655	0.33546726064314353
0.718307	0.33527689978215963
0.719963	0.33508767717762517
0.721622	0.3348997148278433
0.723286	0.33471285066818124
0.724953	0.3345272100406424
0.726624	0.334342693812123
0.728299	0.3341593855959158
0.729978	0.3339771591118412
0.731661	0.3337961502867824
0.733348	0.3336162893663989
0.735038	0.33343749002557677
0.736733	0.3332599129402128
0.738431	0.3330834078726382
0.740133	0.33290800317301394
0.741839	0.33273373486986313
0.743549	0.33256054618169223
0.745264	0.33238853490650366
0.746982	0.3322175825659382
0.748704	0.33204769376458626
0.750429	0.33187897349755086
0.752159	0.3317112164196838
0.753893	0.3315446322524261
0.755631	0.33137907252832677
0.757373	0.33121458209112975
0.759119	0.33105117132606626
0.760869	0.33088880679309335
0.762623	0.3307275133763388
0.764381	0.3305672747733542
0.766143	0.3304080366291277
0.767909	0.3302498516757526
0.769679	0.3300926650812354
0.771454	0.32993653524312777
0.773232	0.3297814150960776
0.775015	0.32962722535106453
0.776801	0.3294741346924819
0.778592	0.32932203289736717
0.780387	0.3291708974683213
0.782186	0.3290207948113731
0.783989	0.32887160439781504
0.785796	0.3287234270096024
0.787608	0.32857616298631565
0.789423	0.32842987243079724
0.791243	0.32828453419145576
0.793067	0.32814014514195555
0.794895	0.3279966536766874
0.796728	0.32785409950393907
0.798564	0.32771247096762357
0.800405	0.3275717749331284
0.80225	0.32743194433760453
0.8041	0.32729291003716315
0.805953	0.32715484941902934
0.807811	0.3270176092087988
0.809673	0.3268812116747365
0.81154	0.32674567990843084
0.813411	0.3266109499426139
0.815286	0.3264770082539741
0.817165	0.3263439216362744
0.819049	0.3262116079175652
0.820937	0.32608006823497837
0.82283	0.3259492644256158
0.824726	0.3258191938506296
0.826628	0.32568996535927214
0.828533	0.32556135760900556
0.830443	0.3254334991650818
0.832357	0.3253062868674766
0.834276	0.32517980052262485
0.836199	0.32505401784846655
0.838127	0.3249288415912646
0.840059	0.32480433820637794
0.841996	0.32468042484119775
0.843937	0.3245571661413886
0.845882	0.3244345179108825
0.847832	0.32431242885655764
0.849787	0.3241909496116755
0.851746	0.3240700487188021
0.853709	0.32394966010060644
0.855677	0.3238298711437896
0.85765	0.32371058915046425
0.859627	0.3235918374109923
0.861608	0.3234736099368635
0.863595	0.3233559781113281
0.865585	0.32323875537887264
0.867581	0.3231220582741331
0.869581	0.32300585634682866
0.871585	0.3228901423631662
0.873594	0.32277492317642903
0.875608	0.32266011196162825
0.877627	0.3225458656976498
0.87965	0.3224320330130062
0.881678	0.3223186437458244
0.88371	0.3222057531240547
0.885747	0.32209329262176106
0.887789	0.32198134045030996
0.889836	0.3218697863381598
0.891887	0.32175871761497954
0.893943	0.32164807299648196
0.896004	0.3215379292734192
0.898069	0.3214281626050884
0.90014	0.3213189081396105
0.902215	0.3212101105352176
0.904294	0.3211017217071336
0.906379	0.320993772389467
0.908469	0.32088633989340726
0.910563	0.32077928464294253
0.912662	0.3206727284387897
0.914766	0.32056666478005963
0.916874	0.32046094061098473
0.918988	0.32035577848387087
0.921107	0.32025100919059407
0.92323	0.32014675751191424
0.925358	0.3200428987737024
0.927491	0.31993953963448574
0.929629	0.31983668187095143
0.931772	0.3197341982547639
0.93392	0.3196322463490331
0.936073	0.31953071618482354
0.938231	0.3194296656878308
0.940394	0.3193291078133543
0.942562	0.3192290162613537
0.944735	0.319129310381245
0.946913	0.3190301567791833
0.949095	0.31893143499124194
0.951283	0.3188332157831294
0.953476	0.31873544542757126
0.955674	0.3186381753608475
0.957877	0.3185413605405544
0.960085	0.31844500283960664
0.962299	0.31834912558822925
0.964517	0.3182537384117434
0.96674	0.318158792317657
0.968969	0.31806435213474354
0.971203	0.3179703514573657
0.973442	0.31787687442367774
0.975686	0.31778379833894244
0.977935	0.317691213097455
0.980189	0.3175991258448692
0.982449	0.3175075096356948
0.984713	0.3174163593982511
0.986983	0.3173256771110218
0.989259	0.317235439424779
0.991539	0.3171456970950931
0.993825	0.3170563907169592
0.996116	0.31696757569239475
0.998412	0.31687920906985073
1.00071	0.3167913318317734
1.00302	0.31670390607575605
1.00533	0.3166169327452327
1.00765	0.31653041312084895
1.00997	0.3164444067848515
1.0123	0.31635882164926804
1.01464	0.316273686967777
1.01697	0.3161889905305875
1.01932	0.3161047884479402
1.02167	0.316020993945507
1.02402	0.315937667316875
1.02638	0.3158547615400577
1.02875	0.31577236520130775
1.03112	0.31569038757231493
1.0335	0.3156088433250465
1.03588	0.3155277823596366
1.03827	0.3154471231802097
1.04066	0.31536690577985904
1.04306	0.31528712378288287
1.04547	0.3152077517171736
1.04788	0.315128852791427
1.05029	0.3150503891885057
1.05271	0.3149723386550382
1.05514	0.31489472715610445
1.05757	0.31481752759946363
1.06001	0.31474075945370356
1.06245	0.31466444395246507
1.0649	0.3145885375413674
1.06736	0.3145130266626109
1.06982	0.3144379960600679
1.07228	0.314363338268731
1.07476	0.31428912887781935
1.07723	0.3142152972198123
1.07972	0.3141418905174443
1.08221	0.31406891708171747
1.0847	0.3139963258556916
1.0872	0.31392420258619796
1.08971	0.3138524795172877
1.09222	0.31378118665612637
1.09474	0.3137102786615573
1.09726	0.31363985166350167
1.09979	0.31356974297944434
1.10233	0.31350006595395785
1.10487	0.3134307723836256
1.10741	0.3133618671738618
1.10997	0.3132933475266422
1.11253	0.3132252213535202
1.11509	0.3131574035953391
1.11766	0.3130900088919428
1.12024	0.31302302524473935
1.12282	0.3129563732235704
1.12541	0.3128900539467708
1.128	0.31282411856218145
1.1306	0.3127585571555758
1.13321	0.31269335800686565
1.13582	0.3126284883216805
1.13844	0.31256397449738843
1.14106	0.31249980831213925
1.14369	0.3124359653745395
1.14633	0.31237250969225994
1.14897	0.31230935727324044
1.15162	0.3122465643790476
1.15428	0.3121840780386634
1.15694	0.31212198366586247
1.1596	0.31206013892171386
1.16228	0.31199870302300714
1.16496	0.31193755438686166
1.16764	0.31187674243922014
1.17033	0.3118162681176731
1.17303	0.31175606899868336
1.17574	0.31169626370581593
1.17845	0.31163670682071615
1.18116	0.31157749383836586
1.18389	0.3115186176972279
1.18662	0.31146002233652353
1.18935	0.3114017573900419
1.19209	0.3113437322907775
1.19484	0.311286115931291
1.19759	0.3112287720229009
1.20036	0.31117167112087557
1.20312	0.3111149412973544
1.2059	0.31105851241413257
1.20868	0.31100234569733864
1.21146	0.31094648054218726
1.21425	0.31089091702327315
1.21705	0.31083563098663897
1.21986	0.3107806458654777
1.22267	0.31072593959287254
1.22549	0.3106715555863553
1.22832	0.3106174071570616
1.23115	0.31056357421911523
1.23398	0.3105100242305093
1.23683	0.31045673625079945
1.23968	0.31040370108106485
1.24254	0.3103509852560034
1.2454	0.31029847987880055
1.24827	0.3102462902991735
1.25115	0.31019437656649873
1.25404	0.3101427278721361
1.25693	0.31009131060901324
1.25982	0.31004019676238953
1.26273	0.30998930021453014
1.26564	0.3099387274343475
1.26856	0.3098883796920142
1.27148	0.30983826125740255
1.27441	0.30978846370378166
1.27735	0.30973888227662905
1.28029	0.3096895153395569
1.28325	0.30964049698518537
1.2862	0.30959167116031466
1.28917	0.3095430934511779
1.29214	0.30949477395127006
1.29512	0.30944668155839633
1.29811	0.30939883576713867
1.3011	0.30935126110467465
1.3041	0.30930392237863463
1.3071	0.30925681607351607
1.31012	0.30920996812351
1.31314	0.30916329042294866
1.31616	0.3091169119784794
1.3192	0.30907075753210334
1.32224	0.3090248148439058
1.32529	0.30897912720447973
1.32834	0.3089336760828489
1.3314	0.30888845013835003
1.33447	0.3088434403195345
1.33755	0.30879868272432487
1.34063	0.3087541224706866
1.34372	0.3087097815911916
1.34682	0.30866568878286
1.34993	0.30862180475562484
1.35304	0.3085781352386051
1.35616	0.3085346833845415
1.35928	0.30849149376474233
1.36242	0.30844849408419867
1.36556	0.30840567697751287
1.36871	0.3083630981419783
1.37186	0.3083207639169184
1.37502	0.3082786075895139
1.37819	0.308236685571483
1.38137	0.30819496210054537
1.38455	0.3081534407779564
1.38775	0.3081121132521865
1.39094	0.30807101944563087
1.39415	0.30803008873650334
1.39737	0.3079894113647904
1.40059	0.3079488992559777
1.40382	0.30790866032116865
1.40705	0.30786853452855095
1.41029	0.30782865398591297
1.41355	0.3077889649628641
1.4168	0.3077494998763203
1.42007	0.3077101836828816
1.42334	0.30767110379858753
1.42663	0.3076322088964438
1.42991	0.30759349471677117
1.43321	0.3075549570090329
1.43651	0.30751661943454844
1.43983	0.307478505130496
1.44314	0.3074405379188969
1.44647	0.3074028042964099
1.44981	0.30736520680922413
1.45315	0.3073277949805352
1.4565	0.3072905996486295
1.45986	0.3072536204090928
1.46322	0.3072167554349238
1.46659	0.30718011636878423
1.46997	0.307143664364875
1.47336	0.30710736033867314
1.47676	0.30707126148862235
1.48016	0.3070352995882697
1.48358	0.3069995935771928
1.487	0.30696397346019405
1.49042	0.30692862221316763
1.49386	0.30689334918735584
1.4973	0.30685827718930436
1.50076	0.30682343862810646
1.50421	0.3067887248632748
1.50768	0.3067541666094811
1.51116	0.30671979587813125
1.51464	0.3066855740535106
1.51813	0.306651582010863
1.52163	0.3066177066467982
1.52514	0.30658400103785777
1.52866	0.30655048136684704
1.53218	0.3065170842690577
1.53571	0.3064838979976367
1.53925	0.306450857167638
1.5428	0.3064179700727035
1.54636	0.30638529789641555
1.54992	0.3063526933668427
1.5535	0.30632031830759293
1.55708	0.3062880576923891
1.56067	0.3062560094623459
1.56426	0.30622409213549195
1.56787	0.3061922975856101
1.57148	0.30616070159392283
1.57511	0.30612923110109413
1.57874	0.3060979340650024
1.58238	0.3060667991426519
1.58602	0.3060357889780181
1.58968	0.3060049478536657
1.59335	0.30597425372645953
1.59702	0.3059437072855392
1.6007	0.3059133218232128
1.60439	0.30588304054043736
1.60809	0.30585293252753243
1.6118	0.30582298951589393
1.61551	0.30579316156529585
1.61923	0.3057635052304978
1.62297	0.30573402414698314
1.62671	0.30570462206884363
1.63046	0.30567540561935586
1.63422	0.3056462795379668
1.63798	0.30561734627762793
1.64176	0.305588571936968
1.64555	0.30555989585372206
1.64934	0.305531339855945
1.65314	0.3055029461556284
1.65695	0.3054746946480185
1.66077	0.30544659547154107
1.6646	0.3054186026164207
1.66844	0.3053907711308053
1.67228	0.30536308339134427
1.67614	0.3053354896522681
1.68	0.305308032851737
1.68388	0.305280783381063
1.68776	0.3052535519989296
1.69165	0.30522653475021794
1.69555	0.3051996098882484
1.69946	0.3051728503874411
1.70337	0.30514620334721215
1.7073	0.30511967711352256
1.71124	0.30509327400313263
1.71518	0.3050670105583013
1.71913	0.3050408715591686
1.7231	0.3050148577036338
1.72707	0.3049889804143956
1.73105	0.3049632225744574
1.73504	0.3049375623333363
1.73904	0.304912069806768
1.74305	0.3048866794134816
1.74707	0.3048614041507966
1.7511	0.30483627779421985
1.75513	0.3048112184129265
1.75918	0.30478633669288013
1.76323	0.3047615259084043
1.7673	0.3047368733713506
1.77137	0.30471233817114496
1.77546	0.3046879083841489
1.77955	0.30466362048099405
1.78365	0.3046393933447273
1.78776	0.3046153435262483
1.79188	0.30459136582204094
1.79601	0.30456753241948686
1.80015	0.30454378623663353
1.8043	0.30452017039108115
1.80846	0.3044966886151167
1.81263	0.30447329406974466
1.81681	0.30445001559244644