194.94	11.80
195.21	11.80
195.48	11.80
195.75	5.70
196.02	10.90
196.29	14.20
196.56	14.20
196.83	8.60
197.10	-0.30
197.37	9.20
197.64	1.20
197.91	4.80
198.18	7.30
198.45	5.70
198.72	0.50
198.99	0.50
199.26	3.50
199.53	-1.50
199.80	6.10
200.07	11.50
200.34	13.50
200.61	25.90
200.87	11.90
201.14	4.30
201.41	14.50
201.68	22.60
201.95	10.20
202.22	6.30
202.49	4.90
202.76	11.40
203.03	11.00
203.30	6.60
203.57	9.00
203.84	8.40
204.11	4.60
204.38	4.70
204.65	8.40
204.92	9.00
205.19	5.90
205.46	3.10
205.73	13.00
206.00	16.30
206.27	10.30
206.54	15.50
206.80	6.30
207.07	1.00
207.34	7.20
207.61	0.80
207.88	3.50
208.15	7.70
208.42	16.60
208.69	4.40
208.96	8.60
209.23	15.00
209.50	6.70
209.77	10.00
210.04	11.00
210.31	12.50
210.58	4.40
210.85	9.90
211.11	10.10
211.38	13.00
211.65	14.20
211.92	4.80
212.19	10.20
212.46	9.30
212.73	3.10
213.00	6.20
213.27	8.00
213.54	13.60
213.81	11.30
214.08	4.60
214.35	2.30
214.62	11.20
214.88	11.90
215.15	14.70
215.42	11.90
215.69	8.80
215.96	6.20
216.23	6.80
216.50	5.80
216.77	12.00
217.04	5.20
217.31	-1.30
217.58	1.50
217.85	7.20
218.12	8.00
218.38	4.90
218.65	11.70
218.92	21.60
219.19	16.20
219.46	16.50
219.73	12.60
220.00	10.10
220.27	10.50
220.54	-4.20
220.81	5.20
221.08	15.50
221.34	8.00
221.61	8.00
221.88	4.90
222.15	6.70
222.42	6.50
222.69	2.40
222.96	4.70
223.23	7.30
223.50	4.90
223.77	9.80
224.03	2.60
224.30	16.10
224.57	7.60
224.84	10.60
225.11	8.40
225.38	14.40
225.65	7.80
225.92	2.70
226.19	0.70
226.46	12.30
226.72	17.00
226.99	4.00
227.26	10.20
227.53	25.40
227.80	14.40
228.07	3.10
228.34	6.60
228.61	6.20
228.88	4.10
229.14	-1.10
229.41	9.20
229.68	12.30
229.95	6.70
230.22	1.60
230.49	1.10
230.76	9.40
231.03	3.90
231.29	2.60
231.56	8.90
231.83	11.60
232.10	13.00
232.37	14.20
232.64	13.90
232.91	13.30
233.18	13.00
233.44	9.40
233.71	12.60
233.98	18.00
234.25	6.70
234.52	9.00
234.79	8.40
235.06	11.70
235.33	12.10
235.59	8.10
235.86	8.80
236.13	15.70
236.40	14.30
236.67	9.70
236.94	10.30
237.21	12.00
237.47	8.30
237.74	5.60
238.01	10.70
238.28	13.00
238.55	16.10
238.82	12.00
239.09	2.50
239.35	16.30
239.62	14.50
239.89	1.00
240.16	7.80
240.43	15.00
240.70	7.70
240.97	8.90
241.23	9.20
241.50	10.60
241.77	1.80
242.04	5.30
242.31	10.50
242.58	9.50
242.84	9.70
243.11	7.10
243.38	8.30
243.65	7.40
243.92	4.20
244.19	10.60
244.46	19.70
244.72	20.70
244.99	13.50
245.26	4.50
245.53	10.20
245.80	4.90
246.07	5.00
246.33	1.90
246.60	3.70
246.87	10.10
247.14	3.40
247.41	2.20
247.68	10.00
247.94	12.80
248.21	14.80
248.48	5.50
248.75	9.10
249.02	15.90
249.29	11.30
249.55	12.70
249.82	10.80
250.09	9.60
250.36	13.10
250.63	13.70
250.89	15.80
251.16	17.50
251.43	14.00
251.70	10.00
251.97	10.80
252.24	6.30
252.50	9.70
252.77	5.60
253.04	9.60
253.31	15.60
253.58	16.40
253.84	9.70
254.11	3.90
254.38	15.20
254.65	7.90
254.92	4.70
255.19	11.00
255.45	16.40
255.72	18.70
255.99	5.20
256.26	2.90
256.53	5.20
256.79	6.20
257.06	3.20
257.33	6.70
257.60	13.50
257.87	11.00
258.13	10.00
258.40	16.30
258.67	16.90
258.94	4.80
259.21	4.50
259.47	9.90
259.74	6.60
260.01	1.90
260.28	8.70
260.55	8.50
260.81	11.90
261.08	15.40
261.35	10.60
261.62	12.20
261.89	18.70
262.15	7.80
262.42	7.30
262.69	10.00
262.96	15.30
263.23	7.90
263.49	8.00
263.76	7.50
264.03	4.40
264.30	7.00
264.56	11.00
264.83	10.20
265.10	3.10
265.37	0.80
265.64	11.00
265.90	2.20
266.17	10.50
266.44	19.30
266.71	9.30
266.97	7.50
267.24	14.20
267.51	6.30
267.78	0.30
268.05	4.60
268.31	9.00
268.58	2.60
268.85	7.60
269.12	7.30
269.38	7.00
269.65	3.60
269.92	4.40
270.19	11.60
270.45	13.50
270.72	10.60
270.99	6.70
271.26	12.30
271.53	17.20
271.79	7.30
272.06	7.60
272.33	5.70
272.60	8.80
272.86	4.70
273.13	1.20
273.40	7.20
273.67	22.40
273.93	9.70
274.20	15.20
274.47	11.20
274.74	15.70
275.00	12.50
275.27	9.30
275.54	5.80
275.81	2.80
276.07	-0.70
276.34	1.60
276.61	4.90
276.88	4.90
277.14	2.70
277.41	10.80
277.68	14.60
277.95	16.70
278.21	5.60
278.48	6.70
278.75	9.20
279.02	16.20
279.28	7.60
279.55	6.40
279.82	2.00
280.09	2.80
280.35	6.90
280.62	3.10
280.89	5.30
281.16	3.10
281.42	11.80
281.69	5.70
281.96	3.40
282.22	10.50
282.49	3.90
282.76	4.40
283.03	4.80
283.29	1.70
283.56	3.70
283.83	7.50
284.10	10.70
284.36	10.00
284.63	5.70
284.90	7.50
285.16	15.70
285.43	14.80
285.70	15.20
285.97	2.70
286.23	8.10
286.50	13.30
286.77	9.30
287.04	3.80
287.30	3.30
287.57	12.80
287.84	12.90
288.10	16.80
288.37	18.00
288.64	19.60
288.91	21.10
289.17	6.80
289.44	3.30
289.71	2.40
289.97	11.10
290.24	15.30
290.51	13.80
290.78	17.40
291.04	10.40
291.31	6.10
291.58	9.00
291.84	14.10
292.11	13.40
292.38	6.00
292.64	9.80
292.91	4.60
293.18	12.50
293.45	9.00
293.71	15.80
293.98	17.70
294.25	14.50
294.51	7.60
294.78	10.70
295.05	7.70
295.31	8.90
295.58	8.60
295.85	6.60
296.12	3.80
296.38	12.10
296.65	8.70
296.92	9.10
297.18	7.70
297.45	1.90
297.72	5.50
297.98	2.40
298.25	13.80
298.52	7.70
298.78	6.30
299.05	5.30
299.32	4.70
299.58	5.40
299.85	5.40
300.12	5.30
300.39	13.40
300.65	11.50
300.92	2.50
301.19	10.30
301.45	17.10
301.72	15.20
301.99	10.80
302.25	11.80
302.52	4.00
302.79	4.50
303.05	10.90
303.32	4.20
303.59	7.90
303.85	12.20
304.12	5.90
304.39	9.00
304.65	9.70
304.92	8.00
305.19	-0.70
305.45	4.20
305.72	14.00
305.99	11.60
306.25	18.20
306.52	10.10
306.79	11.60
307.05	10.90
307.32	11.90
307.59	8.20
307.85	8.60
308.12	8.90
308.39	6.50
308.65	5.20
308.92	11.70
309.19	6.40
309.45	-1.20
309.72	8.60
309.98	14.70
310.25	-0.40
310.52	1.60
310.78	12.40
311.05	16.40
311.32	16.60
311.58	11.20
311.85	9.10
312.12	11.50
312.38	2.80
312.65	1.90
312.92	3.60
313.18	8.00
313.45	13.60
313.72	2.10
313.98	3.50
314.25	9.90
314.51	8.90
314.78	6.70
315.05	1.10
315.31	7.00
315.58	8.80
315.85	8.00
316.11	4.20
316.38	6.20
316.65	2.50
316.91	1.10
317.18	7.30
317.44	12.30
317.71	12.50
317.98	6.10
318.24	2.60
318.51	6.50
318.78	10.00
319.04	8.80
319.31	6.50
319.57	13.00
319.84	12.50
320.11	10.90
320.37	12.60
320.64	16.80
320.91	21.10
321.17	12.60
321.44	7.10
321.70	20.90
321.97	12.60
322.24	7.50
322.50	3.70
322.77	18.00
323.03	6.00
323.30	6.40
323.57	12.10
323.83	23.20
324.10	17.10
324.37	13.40
324.63	8.10
324.90	7.40
325.16	9.70
325.43	6.70
325.70	9.00
325.96	14.00
326.23	8.70
326.49	8.60
326.76	1.80
327.03	12.40
327.29	11.70
327.56	2.20
327.82	5.40
328.09	16.50
328.36	13.90
328.62	5.70
328.89	4.80
329.15	15.90
329.42	12.60
329.69	8.50
329.95	6.80
330.22	11.90
330.48	12.90
330.75	3.00
331.02	11.90
331.28	7.60
331.55	7.10
331.81	10.90
332.08	12.30
332.34	8.50
332.61	7.30
332.88	0.40
333.14	1.50
333.41	10.50
333.67	15.00
333.94	7.70
334.21	8.10
334.47	9.70
334.74	10.20
335.00	8.70
335.27	3.70
335.53	7.00
335.80	9.20
336.07	9.50
336.33	10.10
336.60	13.40
336.86	8.60
337.13	7.60
337.39	5.50
337.66	14.40
337.93	8.20
338.19	4.10
338.46	9.30
338.72	10.70
338.99	8.30
339.25	14.30
339.52	13.10
339.79	20.20
340.05	14.00
340.32	12.30
340.58	11.10
340.85	1.00
341.11	6.20
341.38	4.00
341.65	7.60
341.91	15.20
342.18	12.40
342.44	10.90
342.71	10.40
342.97	1.80
343.24	5.70
343.50	4.30
343.77	9.90
344.03	9.90
344.30	4.00
344.57	6.70
344.83	5.20
345.10	17.70
345.36	17.70
345.63	9.40
345.89	8.20
346.16	15.80
346.42	10.10
346.69	6.30
346.96	13.00
347.22	10.40
347.49	7.60
347.75	9.80
348.02	7.60
348.28	15.90
348.55	8.20
348.81	7.10
349.08	14.60
349.34	21.30
349.61	13.40
349.87	2.90
350.14	11.40
350.40	14.40
350.67	12.20
350.94	11.60
351.20	12.30
351.47	13.70
351.73	12.60
352.00	13.00
352.26	15.40
352.53	14.90
352.79	10.10
353.06	7.50
353.32	10.40
353.59	14.50
353.85	-1.10
354.12	3.90
354.38	6.20
354.65	14.30
354.91	9.00
355.18	9.20
355.44	9.40
355.71	15.10
355.97	9.80
356.24	9.60
356.51	8.50
356.77	15.70
357.04	8.10
357.30	3.30
357.57	19.30
357.83	22.90
358.10	12.70
358.36	13.10
358.63	11.30
358.89	16.40
359.16	4.80
359.42	6.80
359.69	6.60
359.95	0.30
360.22	2.50
360.48	3.40
360.75	11.50
361.01	14.80
361.28	11.80
361.54	12.20
361.81	4.50
362.07	9.80
362.34	-1.00
362.60	-5.60
362.87	4.90
363.13	14.90
363.40	12.60
363.66	6.20
363.93	13.60
364.19	22.10
364.46	14.30
364.72	5.60
364.99	2.90
365.25	14.20
365.52	11.20
365.78	8.20
366.04	18.30
366.31	12.70
366.57	10.70
366.84	8.90
367.10	6.30
367.37	4.70
367.63	5.30
367.90	6.00
368.16	8.70
368.43	13.90
368.69	7.60
368.96	12.30
369.22	15.20
369.49	19.30
369.75	12.10
370.02	7.70
370.28	10.10
370.55	5.70
370.81	9.20
371.08	6.60
371.34	8.70
371.60	14.70
371.87	11.80
372.13	8.50
372.40	18.40
372.66	17.80
372.93	1.50
373.19	2.20
373.46	10.00
373.72	12.70
373.99	13.80
374.25	14.30
374.52	7.80
374.78	8.60
375.04	6.10
375.31	3.20
375.57	10.50
375.84	20.40
376.10	12.30
376.37	8.70
376.63	9.90
376.90	14.10
377.16	12.60
377.43	5.20
377.69	8.90
377.95	20.00
378.22	9.00
378.48	17.40
378.75	14.60
379.01	10.60
379.28	5.60
379.54	2.10
379.81	16.50
380.07	18.20
380.33	8.00
380.60	11.80
380.86	3.00
381.13	20.20
381.39	15.40
381.66	1.60
381.92	11.00
382.19	7.80
382.45	2.90
382.71	8.20
382.98	6.80
383.24	15.00
383.51	15.10
383.77	11.70
384.04	12.90
384.30	23.10
384.56	15.30
384.83	14.20
385.09	8.90
385.36	16.20
385.62	6.80
385.89	6.70
386.15	6.30
386.41	10.50
386.68	15.70
386.94	6.10
387.21	11.10
387.47	13.80
387.74	16.00
388.00	18.10
388.26	14.30
388.53	5.00
388.79	10.20
389.06	9.10
389.32	13.00
389.58	10.90
389.85	14.50
390.11	3.20
390.38	10.00
390.64	10.70
390.90	13.30
391.17	18.60
391.43	9.30
391.70	17.20
391.96	23.90
392.23	11.40
392.49	5.50
392.75	15.20
393.02	5.60
393.28	12.40
393.55	13.60
393.81	25.00
394.07	7.90
394.34	7.70
394.60	11.40
394.87	18.20
395.13	13.60
395.39	11.20
395.66	14.30
395.92	18.90
396.18	12.70
396.45	7.30
396.71	7.40
396.98	10.00
397.24	6.60
397.50	5.10
397.77	7.40
398.03	11.70
398.30	7.50
398.56	2.90
398.82	15.70
399.09	20.40
399.35	15.30
399.62	10.80
399.88	12.50
400.14	12.20
400.41	7.20
400.67	9.00
400.93	12.10
401.20	15.10
401.46	17.30
401.73	4.50
401.99	6.70
402.25	13.50
402.52	7.00
402.78	11.40
403.04	13.60
403.31	13.50
403.57	4.50
403.84	7.60
404.10	14.60
404.36	53.90
404.63	12.90
404.89	12.40
405.15	12.10
405.42	13.70
405.68	7.10
405.94	4.50
406.21	6.20
406.47	18.20
406.74	15.00
407.00	9.00
407.26	10.60
407.53	13.50
407.79	7.50
408.05	1.70
408.32	8.10
408.58	11.60
408.84	4.70
409.11	15.70
409.37	17.70
409.63	19.30
409.90	9.90
410.16	0.80
410.42	8.20
410.69	15.70
410.95	5.90
411.22	11.90
411.48	9.20
411.74	11.60
412.01	11.40
412.27	7.90
412.53	14.20
412.80	13.00
413.06	9.00
413.32	15.30
413.59	11.80
413.85	16.90
414.11	11.80
414.38	15.10
414.64	18.10
414.90	19.70
415.17	13.20
415.43	0.10
415.69	9.80
415.96	21.50
416.22	15.00
416.48	11.00
416.75	12.40
417.01	20.10
417.27	9.30
417.54	1.10
417.80	5.50
418.06	7.10
418.33	6.00
418.59	3.20
418.85	9.40
419.12	22.40
419.38	19.00
419.64	19.10
419.91	13.00
420.17	8.80
420.43	4.40
420.69	9.50
420.96	6.30
421.22	14.10
421.48	11.80
421.75	14.20
422.01	19.30
422.27	21.10
422.54	17.40
422.80	4.20
423.06	7.40
423.33	19.30
423.59	11.60
423.85	16.10
424.11	11.40
424.38	13.60
424.64	4.50
424.90	5.60
425.17	10.20
425.43	13.10
425.69	14.60
425.96	9.70
426.22	8.90
426.48	17.40
426.75	14.60
427.01	4.60
427.27	5.30
427.53	17.10
427.80	13.00
428.06	9.90
428.32	6.00
428.59	8.10
428.85	10.90
429.11	11.50
429.37	11.40
429.64	10.00
429.90	1.30
430.16	11.00
430.43	6.20
430.69	20.30
430.95	10.40
431.21	-1.10
431.48	11.50
431.74	22.30
432.00	11.30
432.27	4.50
432.53	10.50
432.79	16.50
433.05	15.60
433.32	6.50
433.58	7.80
433.84	13.00
434.11	11.10
434.37	15.10
434.63	6.80
434.89	16.40
435.16	12.30
435.42	9.40
435.68	11.10
435.94	14.30
436.21	14.00
436.47	10.20
436.73	5.10
436.99	7.40
437.26	-2.60
437.52	12.60
437.78	10.10
438.05	21.10
438.31	11.00
438.57	9.30
438.83	12.60
439.10	14.50
439.36	14.80
439.62	10.60
439.88	12.50
440.15	20.90
440.41	19.10
440.67	3.30
440.93	5.50
441.20	15.70
441.46	6.80
441.72	2.70
441.98	11.80
442.25	8.10
442.51	8.00
442.77	9.30
443.03	16.60
443.30	13.60
443.56	10.90
443.82	20.30
444.08	13.20
444.35	22.10
444.61	22.30
444.87	13.50
445.13	12.40
445.40	11.70
445.66	5.60
445.92	4.90
446.18	9.70
446.44	24.60
446.71	19.30
446.97	6.20
447.23	14.20
447.49	14.60
447.76	12.00
448.02	12.50
448.28	5.90
448.54	13.40
448.81	11.00
449.07	4.90
449.33	9.10
449.59	13.00
449.85	11.00
450.12	14.60
450.38	15.40
450.64	29.70
450.90	24.50
451.17	12.50
451.43	13.40
451.69	11.00
451.95	9.40
452.21	10.50
452.48	12.80
452.74	8.70
453.00	15.80
453.26	9.50
453.53	12.00
453.79	14.10
454.05	18.40
454.31	16.60
454.57	17.60
454.84	23.00
455.10	17.40
455.36	10.30
455.62	16.30
455.88	20.20
456.15	14.10
456.41	15.00
456.67	13.50
456.93	14.40
457.19	16.20
457.46	18.30
457.72	18.60
457.98	28.00
458.24	14.70
458.50	7.30
458.77	12.00
459.03	19.00
459.29	21.30
459.55	12.00
459.81	10.50
460.08	16.40
460.34	13.30
460.60	13.80
460.86	12.10
461.12	16.40
461.39	11.70
461.65	11.00
461.91	15.90
462.17	14.90
462.43	5.80
462.69	19.00
462.96	16.50
463.22	15.30
463.48	12.80
463.74	16.10
464.00	22.50
464.27	26.90
464.53	16.50
464.79	10.70
465.05	14.90
465.31	22.90
465.57	16.80
465.84	13.00
466.10	23.70
466.36	21.70
466.62	21.50
466.88	15.00
467.14	17.40
467.41	24.90
467.67	17.30
467.93	13.90
468.19	19.70
468.45	23.60
468.71	26.00
468.98	19.90
469.24	20.80
469.50	21.30
469.76	26.40
470.02	27.20
470.28	26.80
470.55	30.20
470.81	24.10
471.07	22.40
471.33	21.50
471.59	25.60
471.85	33.40
472.11	23.80
472.38	31.10
472.64	30.10
472.90	30.50
473.16	23.90
473.42	28.80
473.68	27.50
473.95	25.80
474.21	29.30
474.47	32.40
474.73	35.10
474.99	27.40
475.25	29.30
475.51	29.00
475.78	32.00
476.04	40.00
476.30	32.30
476.56	28.00
476.82	33.60
477.08	31.20
477.34	29.00
477.61	27.00
477.87	31.20
478.13	37.00
478.39	32.50
478.65	32.60
478.91	31.70
479.17	35.60
479.43	34.60
479.70	34.70
479.96	35.00
480.22	33.40
480.48	33.70
480.74	35.60
481.00	40.40
481.26	45.60
481.52	40.00
481.79	39.10
482.05	30.50
482.31	43.20
482.57	46.60
482.83	41.90
483.09	45.70
483.35	31.90
483.61	37.10
483.88	38.40
484.14	37.60
484.40	38.60
484.66	39.80
484.92	40.70
485.18	41.20
485.44	48.00
485.70	42.50
485.96	45.10
486.23	51.60
486.49	46.70
486.75	39.60
487.01	47.00
487.27	44.90
487.53	48.20
487.79	51.50
488.05	44.70
488.31	48.70
488.57	39.90
488.84	54.70
489.10	52.80
489.36	49.20
489.62	50.60
489.88	45.40
490.14	51.90
490.40	60.70
490.66	52.30
490.92	54.20
491.18	59.50
491.44	58.10
491.71	51.50
491.97	54.80
492.23	53.70
492.49	51.90
492.75	50.20
493.01	51.70
493.27	59.90
493.53	63.00
493.79	59.90
494.05	60.30
494.31	62.50
494.58	69.00
494.84	59.20
495.10	56.10
495.36	67.00
495.62	73.20
495.88	69.30
496.14	64.30
496.40	59.10
496.66	63.70
496.92	66.00
497.18	62.90
497.44	69.80
497.70	73.40
497.96	74.00
498.23	70.00
498.49	73.30
498.75	75.70
499.01	77.90
499.27	71.20
499.53	75.60
499.79	72.40
500.05	82.20
500.31	80.90
500.57	80.00
500.83	84.90
501.09	83.60
501.35	81.40
501.61	82.70
501.87	85.00
502.13	81.70
502.40	83.40
502.66	88.80
502.92	99.40
503.18	97.00
503.44	95.60
503.70	89.20
503.96	88.00
504.22	100.80
504.48	100.00
504.74	96.80
505.00	101.50
505.26	99.40
505.52	88.30
505.78	87.70
506.04	93.70
506.30	102.70
506.56	90.60
506.82	95.60
507.08	102.70
507.34	103.20
507.60	101.80
507.86	99.60
508.13	101.90
508.39	100.60
508.65	102.90
508.91	109.60
509.17	104.60
509.43	100.60
509.69	95.80
509.95	99.80
510.21	102.90
510.47	103.30
510.73	97.30
510.99	91.20
511.25	98.50
511.51	105.20
511.77	99.60
512.03	108.00
512.29	109.30
512.55	106.90
512.81	103.10
513.07	102.00
513.33	104.80
513.59	106.00
513.85	111.90
514.11	105.60
514.37	104.70
514.63	108.20
514.89	107.30
515.15	104.60
515.41	123.00
515.67	119.20
515.93	107.20
516.19	117.20
516.45	128.40
516.71	121.60
516.97	112.80
517.23	115.90
517.49	117.40
517.75	113.30
518.01	120.30
518.27	123.50
518.53	120.40
518.79	117.40
519.05	126.20
519.31	129.30
519.57	131.40
519.83	131.00
520.09	119.40
520.35	135.40
520.61	132.80
520.87	128.80
521.13	131.30
521.39	134.10
521.65	127.70
521.91	131.30
522.17	135.70
522.43	148.10
522.69	150.70
522.95	139.90
523.21	137.30
523.47	145.00
523.73	154.70
523.99	146.30
524.25	145.80
524.51	150.30
524.77	154.20
525.03	156.40
525.29	155.60
525.55	158.10
525.81	153.30
526.07	154.20
526.33	162.70
526.59	164.20
526.85	166.90
527.11	174.00
527.37	175.00
527.63	172.40
527.89	180.60
528.15	183.10
528.41	182.70
528.67	179.50
528.93	184.80
529.19	185.60
529.45	180.40
529.71	189.20
529.96	195.50
530.22	198.10
530.48	186.30
530.74	198.80
531.00	202.50
531.26	210.50
531.52	202.10
531.78	203.60
532.04	210.30
532.30	217.40
532.56	220.20
532.82	218.40
533.08	221.30
533.34	222.80
533.60	218.50
533.86	220.90
534.12	231.20
534.38	233.40
534.64	221.90
534.90	233.90
535.16	238.40
535.42	229.20
535.67	232.30
535.93	238.20
536.19	242.50
536.45	232.70
536.71	239.30
536.97	247.30
537.23	249.20
537.49	245.60
537.75	247.70
538.01	250.50
538.27	249.80
538.53	245.40
538.79	248.00
539.05	258.40
539.31	252.40
539.57	254.50
539.82	255.40
540.08	256.30
540.34	259.00
540.60	250.30
540.86	245.00
541.12	258.00
541.38	253.70
541.64	254.60
541.90	260.40
542.16	265.50
542.42	267.80
542.68	265.60
542.94	256.70
543.19	259.40
543.45	272.20
543.71	275.10
543.97	264.60
544.23	263.10
544.49	271.10
544.75	261.30
545.01	260.30
545.27	276.90
545.53	277.40
545.79	272.90
546.05	274.00
546.30	279.50
546.56	282.10
546.82	273.90
547.08	264.50
547.34	270.20
547.60	277.00
547.86	275.50
548.12	280.60
548.38	285.20
548.64	283.60
548.89	281.50
549.15	275.60
549.41	278.80
549.67	277.70
549.93	276.70
550.19	270.50
550.45	288.40
550.71	290.30
550.97	294.60
551.23	286.40
551.48	286.80
551.74	295.70
552.00	301.80
552.26	303.40
552.52	316.80
552.78	310.50
553.04	301.90
553.30	301.50
553.56	299.80
553.81	299.40
554.07	316.70
554.33	310.00
554.59	304.90
554.85	306.70
555.11	305.90
555.37	315.20
555.63	329.60
555.88	332.10
556.14	329.80
556.40	329.80
556.66	336.80
556.92	346.90
557.18	341.40
557.44	336.60
557.70	338.40
557.95	347.00
558.21	349.20
558.47	337.90
558.73	344.30
558.99	357.60
559.25	358.50
559.51	357.50
559.76	367.90
560.02	388.00
560.28	377.40
560.54	366.90
560.80	380.80
561.06	386.90
561.32	381.40
561.58	379.10
561.83	393.30
562.09	405.30
562.35	395.90
562.61	398.10
562.87	406.20
563.13	416.40
563.38	404.40
563.64	404.00
563.90	416.40
564.16	425.50
564.42	423.00
564.68	426.30
564.94	438.30
565.19	447.40
565.45	448.00
565.71	444.90
565.97	450.00
566.23	454.10
566.49	446.10
566.74	457.60
567.00	467.30
567.26	468.60
567.52	468.90
567.78	475.20
568.04	484.20
568.29	492.20
568.55	484.70
568.81	486.00
569.07	499.00
569.33	499.10
569.59	515.90
569.84	510.90
570.10	519.20
570.36	518.30
570.62	532.50
570.88	523.90
571.14	542.10
571.39	550.30
571.65	535.10
571.91	534.10
572.17	548.70
572.43	542.30
572.69	550.80
572.94	542.40
573.20	549.40
573.46	560.10
573.72	565.70
573.98	574.70
574.23	577.60
574.49	573.00
574.75	565.10
575.01	570.70
575.27	576.90
575.53	580.00
575.78	577.20
576.04	582.10
576.30	577.90
576.56	585.90
576.82	583.60
577.07	587.60
577.33	600.40
577.59	595.60
577.85	596.00
578.11	602.20
578.36	607.00
578.62	610.80
578.88	604.20
579.14	599.50
579.40	610.10
579.65	614.10
579.91	601.10
580.17	605.00
580.43	621.80
580.69	623.40
580.94	631.60
581.20	627.00
581.46	609.20
581.72	608.20
581.97	606.30
582.23	602.50
582.49	610.70
582.75	614.30
583.01	620.40
583.26	625.10
583.52	628.50
583.78	620.20
584.04	612.50
584.30	623.00
584.55	619.90
584.81	619.80
585.07	626.20
585.33	620.40
585.58	623.90
585.84	625.50
586.10	618.90
586.36	622.80
586.61	622.00
586.87	625.40
587.13	631.70
587.39	634.60
587.65	636.90
587.90	643.30
588.16	630.10
588.42	640.00
588.68	644.70
588.93	644.40
589.19	650.30
589.45	651.80
589.71	646.50
589.96	659.80
590.22	675.90
590.48	666.50
590.74	669.60
590.99	675.70
591.25	666.40
591.51	662.20
591.77	675.20
592.02	670.90
592.28	672.30
592.54	671.90
592.80	668.20
593.05	668.50
593.31	678.40
593.57	681.60
593.83	698.70
594.08	699.40
594.34	698.10
594.60	690.60
594.86	707.50
595.11	723.80
595.37	718.60
595.63	710.80
595.89	732.20
596.14	726.10
596.40	716.40
596.66	718.50
596.92	730.60
597.17	743.50
597.43	741.80
597.69	746.20
597.95	763.10
598.20	770.80
598.46	767.00
598.72	771.20
598.97	781.30
599.23	777.20
599.49	777.10
599.75	793.10
600.00	797.20
600.26	782.80
600.52	801.60
600.78	820.00
601.03	829.90
601.29	831.50
601.55	834.80
601.80	827.10
602.06	848.50
602.32	858.40
602.58	868.90
602.83	865.50
603.09	874.90
603.35	891.20
603.60	898.90
603.86	889.40
604.12	899.80
604.38	904.20
604.63	915.60
604.89	925.20
605.15	929.70
605.40	944.10
605.66	948.10
605.92	946.20
606.18	953.90
606.43	966.40
606.69	976.90
606.95	971.00
607.20	972.20
607.46	986.50
607.72	1005.50
607.97	998.60
608.23	1011.40
608.49	1014.60
608.75	1016.70
609.00	1024.30
609.26	1036.60
609.52	1056.20
609.77	1058.00
610.03	1036.00
610.29	1063.00
610.54	1083.90
610.80	1073.80
611.06	1083.00
611.31	1093.30
611.57	1101.60
611.83	1096.80
612.08	1104.70
612.34	1110.30
612.60	1121.20
612.86	1129.60
613.11	1126.20
613.37	1138.00
613.63	1159.50
613.88	1156.00
614.14	1158.20
614.40	1168.70
614.65	1176.20
614.91	1171.50
615.17	1173.30
615.42	1167.50
615.68	1188.90
615.94	1192.90
616.19	1190.10
616.45	1200.00
616.71	1206.80
616.96	1193.10
617.22	1214.90
617.48	1217.60
617.73	1216.90
617.99	1220.10
618.25	1223.60
618.50	1231.50
618.76	1253.90
619.02	1245.90
619.27	1242.60
619.53	1253.80
619.79	1252.20
620.04	1250.20
620.30	1248.30
620.56	1257.60
620.81	1264.70
621.07	1267.50
621.32	1254.30
621.58	1249.90
621.84	1261.10
622.09	1278.80
622.35	1271.40
622.61	1270.40
622.86	1279.70
623.12	1282.60
623.38	1262.00
623.63	1279.80
623.89	1268.00
624.15	1254.40
624.40	1263.00
624.66	1277.80
624.92	1268.50
625.17	1267.90
625.43	1269.70
625.68	1282.40
625.94	1286.40
626.20	1271.00
626.45	1265.20
626.71	1268.50
626.97	1277.70
627.22	1276.00
627.48	1283.20
627.73	1281.30
627.99	1284.80
628.25	1284.00
628.50	1276.50
628.76	1274.70
629.02	1288.00
629.27	1288.70
629.53	1288.60
629.78	1272.40
630.04	1267.80
630.30	1275.20
630.55	1281.40
630.81	1271.30
631.07	1288.30
631.32	1281.00
631.58	1280.00
631.83	1292.90
632.09	1282.50
632.35	1297.30
632.60	1288.90
632.86	1285.40
633.11	1300.20
633.37	1292.00
633.63	1290.40
633.88	1295.90
634.14	1298.60
634.40	1294.20
634.65	1301.00
634.91	1309.80
635.16	1305.40
635.42	1300.20
635.68	1309.00
635.93	1322.30
636.19	1324.20
636.44	1322.00
636.70	1307.20
636.96	1323.40
637.21	1325.10
637.47	1319.10
637.72	1326.40
637.98	1335.60
638.23	1342.60
638.49	1344.00
638.75	1346.00
639.00	1350.60
639.26	1360.90
639.51	1352.80
639.77	1355.00
640.03	1375.40
640.28	1378.30
640.54	1384.90
640.79	1373.80
641.05	1387.30
641.30	1378.80
641.56	1398.40
641.82	1408.40
642.07	1407.20
642.33	1408.80
642.58	1410.10
642.84	1418.40
643.10	1420.70
643.35	1426.50
643.61	1443.70
643.86	1456.60
644.12	1444.00
644.37	1472.40
644.63	1470.60
644.89	1464.10
645.14	1480.20
645.40	1490.80
645.65	1490.50
645.91	1489.60
646.16	1488.10
646.42	1494.80
646.67	1523.40
646.93	1539.40
647.19	1536.00
647.44	1525.20
647.70	1532.70
647.95	1552.30
648.21	1569.30
648.46	1575.70
648.72	1587.40
648.97	1582.80
649.23	1596.00
649.49	1609.10
649.74	1617.80
650.00	1612.60
650.25	1621.10
650.51	1627.70
650.76	1633.00
651.02	1641.10
651.27	1665.60
651.53	1660.10
651.79	1667.50
652.04	1684.90
652.30	1704.00
652.55	1709.50
652.81	1722.20
653.06	1722.60
653.32	1719.30
653.57	1716.40
653.83	1749.10
654.08	1766.20
654.34	1777.10
654.59	1780.40
654.85	1785.80
655.10	1804.80
655.36	1803.70
655.62	1796.50
655.87	1804.80
656.13	1825.30
656.38	1844.50
656.64	1857.50
656.89	1854.10
657.15	1863.40
657.40	1886.40
657.66	1903.60
657.91	1881.50
658.17	1875.60
658.42	1906.10
658.68	1908.70
658.93	1921.80
659.19	1925.00
659.44	1946.10
659.70	1938.00
659.95	1947.30
660.21	1953.00
660.46	1973.70
660.72	1983.20
660.97	1971.20
661.23	1960.20
661.48	1998.40
661.74	1999.60
661.99	2004.40
662.25	2032.10
662.51	2032.10
662.76	2029.30
663.02	2029.80
663.27	2036.90
663.53	2064.80
663.78	2067.30
664.04	2072.40
664.29	2074.80
664.55	2061.80
664.80	2054.60
665.06	2063.40
665.31	2084.80
665.56	2102.00
665.82	2109.50
666.07	2097.30
666.33	2076.20
666.58	2093.00
666.84	2114.00
667.09	2109.10
667.35	2107.00
667.60	2113.50
667.86	2121.90
668.11	2116.60
668.37	2105.40
668.62	2110.40
668.88	2094.80
669.13	2115.80
669.39	2120.50
669.64	2115.10
669.90	2125.20
670.15	2132.70
670.41	2134.00
670.66	2125.30
670.92	2126.10
671.17	2113.50
671.43	2114.60
671.68	2114.20
671.94	2115.50
672.19	2107.50
672.44	2107.80
672.70	2091.80
672.95	2108.40
673.21	2105.00
673.46	2107.10
673.72	2085.40
673.97	2090.60
674.23	2082.20
674.48	2088.60
674.74	2083.00
674.99	2090.70
675.25	2085.40
675.50	2073.70
675.75	2064.30
676.01	2071.60
676.26	2069.20
676.52	2061.60
676.77	2068.90
677.03	2062.70
677.28	2061.70
677.54	2081.30
677.79	2052.00
678.05	2058.80
678.30	2038.40
678.55	2020.60
678.81	2061.20
679.06	2055.40
679.32	2043.70
679.57	2041.20
679.83	2045.10
680.08	2031.70
680.34	2028.60
680.59	2024.30
680.84	2019.40
681.10	2032.30
681.35	2017.70
681.61	2011.40
681.86	2023.70
682.12	2022.70
682.37	2010.40
682.62	2008.00
682.88	2007.40
683.13	2013.60
683.39	2027.10
683.64	2021.70
683.90	2025.50
684.15	2025.70
684.40	2012.50
684.66	2014.00
684.91	2008.50
685.17	2014.60
685.42	2014.70
685.68	2007.80
685.93	2011.20
686.18	2007.20
686.44	2021.10
686.69	2016.80
686.95	2009.90
687.20	2019.10
687.46	2012.90
687.71	2007.30
687.96	2018.70
688.22	2018.10
688.47	2007.70
688.73	2014.30
688.98	2009.90
689.23	2015.00
689.49	2012.10
689.74	2010.40
690.00	2014.50
690.25	2021.40
690.50	2015.20
690.76	2012.90
691.01	2021.30
691.27	2020.80
691.52	2022.60
691.77	2008.30
692.03	2017.70
692.28	2020.20
692.54	2004.30
692.79	2001.90
693.04	2020.00
693.30	2033.90
693.55	2034.90
693.81	2028.60
694.06	2029.40
694.31	2046.00
694.57	2055.80
694.82	2068.50
695.08	2067.60
695.33	2086.40
695.58	2100.60
695.84	2088.80
696.09	2071.40
696.34	2094.90
696.60	2094.40
696.85	2099.00
697.11	2095.20
697.36	2120.10
697.61	2137.80
697.87	2131.70
698.12	2146.40
698.37	2161.60
698.63	2140.50
698.88	2149.80
699.14	2161.80
699.39	2179.50
699.64	2171.20
699.90	2162.90
700.15	2181.50
700.40	2175.70
700.66	2187.30
700.91	2199.70
701.17	2214.10
701.42	2202.60
701.67	2204.10
701.93	2195.50
702.18	2228.30
702.43	2256.90
702.69	2256.50
702.94	2247.00
703.19	2249.50
703.45	2260.80
703.70	2247.50
703.95	2267.70
704.21	2284.20
704.46	2299.60
704.72	2319.80
704.97	2316.40
705.22	2320.40
705.48	2307.50
705.73	2317.80
705.98	2327.60
706.24	2340.50
706.49	2361.50
706.74	2365.40
707.00	2359.30
707.25	2362.90
707.50	2370.50
707.76	2377.30
708.01	2381.70
708.26	2402.80
708.52	2423.80
708.77	2422.70
709.02	2407.40
709.28	2428.20
709.53	2423.30
709.78	2458.60
710.04	2470.80
710.29	2485.00
710.54	2507.20
710.80	2511.70
711.05	2522.60
711.30	2527.10
711.56	2528.20
711.81	2549.50
712.06	2563.80
712.32	2563.50
712.57	2581.50
712.82	2596.50
713.08	2582.20
713.33	2601.80
713.58	2623.70
713.84	2629.40
714.09	2627.60
714.34	2626.80
714.59	2631.20
714.85	2622.10
715.10	2624.70
715.35	2644.30
715.61	2667.70
715.86	2660.60
716.11	2652.50
716.37	2642.40
716.62	2674.30
716.87	2673.00
717.13	2654.00
717.38	2678.50
717.63	2693.40
717.89	2690.60
718.14	2685.90
718.39	2712.60
718.64	2696.50
718.90	2708.40
719.15	2730.40
719.40	2726.90
719.66	2718.70
719.91	2729.30
720.16	2733.70
720.41	2729.00
720.67	2753.20
720.92	2741.10
721.17	2741.50
721.43	2744.20
721.68	2747.10
721.93	2748.20
722.19	2760.70
722.44	2755.70
722.69	2770.90
722.94	2757.80
723.20	2754.80
723.45	2759.90
723.70	2735.70
723.95	2767.30
724.21	2774.80
724.46	2769.30
724.71	2749.00
724.97	2734.80
725.22	2757.30
725.47	2750.20
725.72	2752.30
725.98	2741.60
726.23	2767.40
726.48	2744.10
726.74	2762.10
726.99	2748.30
727.24	2760.90
727.49	2767.80
727.75	2758.40
728.00	2741.00
728.25	2734.80
728.50	2716.10
728.76	2711.50
729.01	2719.00
729.26	2717.60
729.51	2728.50
729.77	2730.10
730.02	2713.40
730.27	2689.80
730.52	2679.30
730.78	2674.50
731.03	2676.30
731.28	2678.60
731.53	2656.80
731.79	2675.30
732.04	2663.90
732.29	2653.60
732.54	2663.50
732.80	2643.20
733.05	2632.90
733.30	2622.60
733.55	2618.30
733.81	2621.80
734.06	2618.70
734.31	2602.80
734.56	2594.00
734.82	2590.50
735.07	2595.20
735.32	2573.10
735.57	2569.00
735.83	2566.20
736.08	2566.40
736.33	2548.10
736.58	2541.20
736.84	2530.30
737.09	2518.40
737.34	2538.30
737.59	2502.80
737.84	2516.80
738.10	2522.00
738.35	2519.80
738.60	2496.90
738.85	2509.60
739.11	2499.10
739.36	2484.80
739.61	2480.80
739.86	2471.50
740.11	2465.40
740.37	2450.40
740.62	2462.70
740.87	2464.00
741.12	2472.60
741.38	2459.70
741.63	2452.60
741.88	2434.00
742.13	2444.10
742.38	2440.90
742.64	2436.40
742.89	2470.50
743.14	2449.40
743.39	2425.60
743.64	2432.60
743.90	2436.40
744.15	2441.00
744.40	2435.30
744.65	2406.40
744.90	2401.50
745.16	2403.90
745.41	2390.10
745.66	2384.90
745.91	2393.70
746.16	2403.30
746.42	2375.90
746.67	2386.70
746.92	2385.40
747.17	2387.70
747.42	2400.70
747.68	2392.60
747.93	2396.40
748.18	2371.70
748.43	2383.80
748.68	2384.60
748.94	2396.10
749.19	2388.20
749.44	2385.90
749.69	2395.90
749.94	2391.20
750.19	2372.40
750.45	2334.80
750.70	2353.50
750.95	2366.40
751.20	2360.20
751.45	2344.60
751.71	2342.40
751.96	2344.20
752.21	2365.60
752.46	2342.90
752.71	2348.40
752.96	2358.20
753.22	2362.90
753.47	2359.20
753.72	2357.20
753.97	2373.00
754.22	2374.60
754.47	2379.40
754.73	2365.70
754.98	2333.60
755.23	2326.20
755.48	2333.40
755.73	2336.80
755.98	2326.70
756.24	2339.20
756.49	2347.80
756.74	2346.80
756.99	2361.20
757.24	2355.90
757.49	2361.10
757.74	2359.00
758.00	2352.20
758.25	2348.20
758.50	2334.10
758.75	2340.90
759.00	2367.30
759.25	2346.70
759.51	2322.00
759.76	2340.60
760.01	2349.30
760.26	2370.30
760.51	2362.90
760.76	2369.40
761.01	2357.90
761.27	2343.50
761.52	2368.20
761.77	2361.60
762.02	2354.80
762.27	2360.80
762.52	2375.30
762.77	2375.30
763.02	2388.40
763.28	2418.80
763.53	2400.60
763.78	2414.10
764.03	2426.20
764.28	2430.20
764.53	2417.30
764.78	2434.60
765.03	2419.80
765.29	2413.50
765.54	2442.60
765.79	2462.80
766.04	2454.10
766.29	2464.30
766.54	2444.20
766.79	2447.70
767.04	2439.60
767.30	2460.60
767.55	2464.90
767.80	2489.80
768.05	2474.50
768.30	2495.30
768.55	2507.90
768.80	2504.00
769.05	2490.90
769.30	2526.30
769.56	2502.00
769.81	2519.10
770.06	2523.60
770.31	2536.90
770.56	2544.40
770.81	2547.50
771.06	2567.60
771.31	2573.40
771.56	2589.10
771.82	2581.50
772.07	2583.60
772.32	2591.60
772.57	2587.10
772.82	2596.20
773.07	2594.40
773.32	2597.50
773.57	2597.40
773.82	2609.40
774.07	2620.40
774.32	2624.00
774.58	2635.00
774.83	2665.40
775.08	2654.30
775.33	2669.10
775.58	2677.20
775.83	2673.10
776.08	2667.10
776.33	2670.10
776.58	2680.30
776.83	2690.70
777.08	2695.10
777.33	2688.80
777.59	2690.10
777.84	2713.10
778.09	2726.50
778.34	2724.00
778.59	2732.30
778.84	2747.50
779.09	2741.70
779.34	2722.40
779.59	2735.10
779.84	2738.50
780.09	2761.00
780.34	2749.90
780.59	2738.20
780.84	2767.30
781.10	2782.40
781.35	2776.30
781.60	2776.70
781.85	2774.10
782.10	2781.50
782.35	2793.30
782.60	2780.80
782.85	2777.10
783.10	2790.20
783.35	2782.60
783.60	2776.60
783.85	2823.80
784.10	2845.80
784.35	2832.10
784.60	2810.40
784.85	2829.80
785.10	2786.50
785.35	2809.70
785.61	2797.60
785.86	2808.30
786.11	2830.40
786.36	2821.00
786.61	2827.20
786.86	2838.30
787.11	2821.70
787.36	2800.00
787.61	2808.40
787.86	2810.30
788.11	2838.20
788.36	2817.60
788.61	2814.00
788.86	2826.70
789.11	2828.60
789.36	2811.50
789.61	2803.60
789.86	2806.50
790.11	2809.60
790.36	2780.50
790.61	2800.50
790.86	2804.90
791.11	2805.00
791.36	2809.80
791.61	2797.80
791.86	2833.60
792.11	2827.20
792.36	2826.90
792.61	2815.00
792.86	2818.00
793.11	2820.70
793.36	2808.00
793.61	2811.40
793.87	2807.30
794.12	2794.10
794.37	2765.50
794.62	2755.40
794.87	2748.70
795.12	2753.10
795.37	2763.50
795.62	2744.10
795.87	2719.40
796.12	2726.10
796.37	2730.40
796.62	2716.40
796.87	2707.80
797.12	2693.20
797.37	2691.90
797.62	2671.30
797.87	2687.20
798.12	2676.60
798.37	2689.20
798.62	2677.00
798.87	2656.70
799.12	2647.60
799.37	2626.30
799.62	2626.20
799.87	2633.00
800.12	2599.30
800.37	2613.60
800.62	2623.00
800.87	2622.60
801.12	2615.60
801.37	2598.90
801.61	2576.30
801.86	2580.00
802.11	2570.10
802.36	2556.90
802.61	2558.20
802.86	2551.10
803.11	2545.50
803.36	2528.60
803.61	2525.50
803.86	2512.90
804.11	2509.30
804.36	2493.80
804.61	2482.90
804.86	2498.80
805.11	2496.30
805.36	2486.10
805.61	2443.10
805.86	2445.00
806.11	2435.30
806.36	2424.90
806.61	2425.70
806.86	2427.40
807.11	2424.30
807.36	2401.10
807.61	2422.80
807.86	2411.40
808.11	2422.70
808.36	2403.00
808.61	2395.70
808.86	2390.40
809.11	2393.70
809.36	2365.70
809.60	2342.60
809.85	2356.40
810.10	2339.10
810.35	2330.60
810.60	2317.00
810.85	2322.40
811.10	2310.50
811.35	2312.00
811.60	2307.80
811.85	2297.80
812.10	2284.10
812.35	2272.30
812.60	2271.40
812.85	2261.50
813.10	2264.70
813.35	2259.90
813.60	2247.00
813.85	2259.20
814.09	2246.50
814.34	2248.50
814.59	2237.40
814.84	2233.60
815.09	2242.10
815.34	2225.20
815.59	2214.90
815.84	2222.20
816.09	2215.10
816.34	2182.30
816.59	2158.40
816.84	2159.80
817.09	2172.70
817.34	2159.50
817.58	2146.80
817.83	2139.50
818.08	2142.70
818.33	2149.70
818.58	2121.70
818.83	2126.40
819.08	2132.90
819.33	2126.50
819.58	2126.80
819.83	2121.60
820.08	2120.80
820.33	2121.20
820.57	2098.90
820.82	2108.30
821.07	2112.80
821.32	2099.70
821.57	2075.80
821.82	2085.60
822.07	2070.80
822.32	2060.10
822.57	2068.50
822.82	2073.40
823.07	2066.80
823.31	2070.50
823.56	2060.30
823.81	2046.30
824.06	2048.50
824.31	2070.60
824.56	2041.50
824.81	2048.30
825.06	2050.30
825.31	2044.80
825.55	2040.50
825.80	2047.30
826.05	2061.50
826.30	2039.90
826.55	2034.70
826.80	2032.30
827.05	2035.40
827.30	2026.00
827.55	2021.30
827.79	2018.10
828.04	2023.50
828.29	2017.50
828.54	2040.20
828.79	2038.70
829.04	2018.60
829.29	2024.60
829.54	2030.80
829.78	2025.70
830.03	2022.20
830.28	2009.90
830.53	2002.90
830.78	1992.20
831.03	1994.80
831.28	1986.00
831.53	1990.60
831.77	1999.40
832.02	2008.00
832.27	2003.70
832.52	1990.50
832.77	1979.50
833.02	1969.00
833.27	1970.80
833.51	1995.90
833.76	1994.80
834.01	1983.80
834.26	1977.10
834.51	1979.30
834.76	1993.00
835.01	1978.70
835.25	1964.50
835.50	1961.90
835.75	1974.00
836.00	1997.40
836.25	1993.40
836.50	1983.90
836.75	1993.40
836.99	1996.90
837.24	1999.90
837.49	1995.40
837.74	1991.90
837.99	1984.70
838.24	1987.20
838.48	1991.10
838.73	2000.60
838.98	1998.10
839.23	2001.60
839.48	1996.40
839.73	1991.70
839.97	2011.80
840.22	1996.90
840.47	2004.50
840.72	2002.10
840.97	2021.60
841.22	2020.80
841.46	2010.60
841.71	2005.50
841.96	2005.90
842.21	2002.40
842.46	2021.90
842.71	2034.80
842.95	2035.50
843.20	2037.60
843.45	2031.30
843.70	2026.70
843.95	2043.10
844.20	2038.10
844.44	2028.70
844.69	2037.20
844.94	2051.90
845.19	2037.50
845.44	2026.10
845.68	2034.80
845.93	2038.50
846.18	2041.90
846.43	2044.90
846.68	2048.00
846.92	2061.00
847.17	2042.60
847.42	2028.30
847.67	2027.10
847.92	2037.30
848.16	2049.00
848.41	2075.30
848.66	2087.10
848.91	2078.60
849.16	2071.20
849.40	2065.40
849.65	2076.90
849.90	2080.90
850.15	2081.30
850.40	2096.40
850.64	2095.30
850.89	2094.00
851.14	2077.80
851.39	2086.40
851.64	2099.80
851.88	2095.40
852.13	2114.80
852.38	2122.90
852.63	2124.70
852.87	2137.20
853.12	2109.20
853.37	2114.30
853.62	2104.30
853.87	2116.90
854.11	2120.00
854.36	2114.00
854.61	2112.00
854.86	2114.50
855.10	2103.50
855.35	2103.10
855.60	2127.20
855.85	2121.40
856.10	2137.90
856.34	2133.30
856.59	2135.50
856.84	2128.50
857.09	2132.20
857.33	2135.20
857.58	2144.90
857.83	2144.50
858.08	2168.50
858.32	2156.60
858.57	2138.60
858.82	2172.40
859.07	2158.10
859.31	2168.20
859.56	2168.10
859.81	2172.60
860.06	2166.60
860.30	2153.30
860.55	2164.80
860.80	2172.40
861.05	2180.40
861.29	2185.60
861.54	2184.00
861.79	2172.00
862.04	2172.50
862.28	2154.00
862.53	2165.90
862.78	2166.30
863.03	2173.20
863.27	2191.60
863.52	2181.90
863.77	2176.30
864.02	2176.20
864.26	2164.10
864.51	2158.80
864.76	2185.50
865.01	2173.90
865.25	2164.60
865.50	2178.70
865.75	2180.00
866.00	2179.30
866.24	2168.10
866.49	2177.00
866.74	2149.30
866.98	2151.00
867.23	2162.30
867.48	2164.20
867.73	2163.20
867.97	2151.80
868.22	2169.20
868.47	2184.40
868.71	2165.90
868.96	2142.60
869.21	2137.10
869.46	2133.90
869.70	2138.80
869.95	2148.20
870.20	2143.80
870.44	2141.40
870.69	2129.30
870.94	2134.30
871.19	2137.70
871.43	2141.70
871.68	2119.10
871.93	2112.00
872.17	2113.00
872.42	2120.30
872.67	2121.70
872.92	2120.30
873.16	2098.60
873.41	2096.20
873.66	2114.40
873.90	2097.00
874.15	2107.70
874.40	2095.50
874.64	2071.60
874.89	2067.60
875.14	2059.40
875.39	2072.70
875.63	2066.10
875.88	2074.50
876.13	2062.70
876.37	2058.70
876.62	2061.70
876.87	2059.30
877.11	2053.80
877.36	2027.00
877.61	2033.40
877.85	2048.40
878.10	2043.70
878.35	2073.40
878.59	2045.00
878.84	2051.20
879.09	2039.80
879.33	2060.60
879.58	2021.20
879.83	2007.00
880.07	2011.70
880.32	2018.60
880.57	2011.90
880.81	2002.70
881.06	2019.50
881.31	2011.10
881.55	1992.90
881.80	1971.60
882.05	1977.30
882.29	1981.50
882.54	1979.50
882.79	1963.90
883.03	1964.40
883.28	1953.50
883.53	1949.80
883.77	1963.70
884.02	1949.90
884.27	1941.90
884.51	1930.20
884.76	1921.20
885.01	1904.10
885.25	1927.20
885.50	1928.00
885.75	1916.10
885.99	1895.30
886.24	1889.50
886.49	1900.30
886.73	1893.30
886.98	1876.00
887.23	1876.60
887.47	1880.00
887.72	1855.30
887.96	1865.10
888.21	1873.70
888.46	1860.00
888.70	1850.40
888.95	1835.40
889.20	1834.20
889.44	1827.80
889.69	1827.20
889.94	1825.90
890.18	1824.60
890.43	1830.60
890.67	1803.80
890.92	1783.40
891.17	1782.40
891.41	1807.30
891.66	1785.60
891.91	1779.30
892.15	1767.30
892.40	1758.60
892.64	1765.20
892.89	1771.70
893.14	1771.20
893.38	1754.30
893.63	1745.20
893.88	1750.00
894.12	1739.80
894.37	1727.50
894.61	1719.90
894.86	1727.10
895.11	1711.00
895.35	1700.40
895.60	1697.30
895.84	1687.80
896.09	1706.20
896.34	1691.40
896.58	1684.60
896.83	1673.80
897.07	1656.00
897.32	1660.70
897.57	1663.60
897.81	1638.30
898.06	1647.40
898.30	1647.40
898.55	1640.80
898.80	1627.30
899.04	1609.80
899.29	1614.50
899.53	1616.00
899.78	1610.00
900.03	1615.40
900.27	1601.30
900.52	1605.50
900.76	1594.40
901.01	1595.80
901.26	1588.20
901.50	1580.40
901.75	1574.40
901.99	1573.60
902.24	1571.30
902.48	1557.80
902.73	1550.40
902.98	1554.50
903.22	1551.90
903.47	1550.60
903.71	1543.50
903.96	1529.30
904.21	1516.30
904.45	1525.60
904.70	1520.90
904.94	1519.20
905.19	1519.10
905.43	1508.70
905.68	1500.50
905.93	1509.80
906.17	1506.00
906.42	1505.50
906.66	1490.90
906.91	1494.10
907.15	1494.60
907.40	1475.50
907.64	1472.80
907.89	1472.90
908.14	1471.50
908.38	1461.00
908.63	1462.50
908.87	1461.20
909.12	1464.60
909.36	1466.80
909.61	1463.20
909.85	1458.10
910.10	1448.60
910.35	1436.70
910.59	1424.50
910.84	1422.00
911.08	1429.20
911.33	1434.30
911.57	1410.60
911.82	1403.10
912.06	1410.90
912.31	1396.70
912.55	1388.50
912.80	1396.10
913.05	1404.90
913.29	1375.70
913.54	1383.00
913.78	1365.10
914.03	1351.40
914.27	1361.40
914.52	1360.70
914.76	1362.50
915.01	1353.10
915.25	1344.40
915.50	1337.00
915.74	1342.10
915.99	1351.10
916.23	1346.60
916.48	1346.90
916.72	1350.00
916.97	1338.90
917.22	1316.40
917.46	1312.40
917.71	1305.70
917.95	1308.20
918.20	1320.50
918.44	1311.30
918.69	1319.00
918.93	1323.90
919.18	1309.80
919.42	1317.20
919.67	1314.10
919.91	1327.90
920.16	1305.10
920.40	1298.60
920.65	1305.70
920.89	1295.60
921.14	1284.90
921.38	1272.80
921.63	1269.70
921.87	1282.20
922.12	1271.00
922.36	1269.90
922.61	1268.90
922.85	1263.70
923.10	1265.80
923.34	1260.00
923.59	1253.20
923.83	1248.10
924.08	1248.90
924.32	1253.00
924.57	1249.60
924.81	1266.30
925.06	1254.00
925.30	1249.10
925.55	1238.00
925.79	1239.90
926.04	1236.10
926.28	1239.30
926.53	1237.70
926.77	1239.50
927.01	1245.20
927.26	1251.10
927.50	1232.80
927.75	1230.50
927.99	1218.30
928.24	1227.70
928.48	1223.00
928.73	1220.40
928.97	1209.20
929.22	1193.60
929.46	1191.60
929.71	1204.20
929.95	1201.90
930.20	1194.40
930.44	1193.00
930.69	1191.70
930.93	1180.30
931.17	1185.70
931.42	1176.30
931.66	1172.90
931.91	1165.40
932.15	1160.80
932.40	1162.10
932.64	1154.30
932.89	1144.80
933.13	1128.80
933.38	1128.50
933.62	1121.20
933.86	1111.60
934.11	1103.60
934.35	1103.50
934.60	1085.70
934.84	1083.00
935.09	1079.20
935.33	1071.10
935.58	1060.10
935.82	1033.30
936.06	1032.30
936.31	1045.70
936.55	1036.00
936.80	1016.30
937.04	1004.60
937.29	993.30
937.53	986.10
937.78	978.60
938.02	971.80
938.26	960.30
938.51	949.30
938.75	937.30
939.00	938.10
939.24	933.60
939.49	933.80
939.73	928.20
939.97	917.50
940.22	906.80
940.46	906.40
940.71	910.30
940.95	897.30
941.20	895.70
941.44	907.70
941.68	891.40
941.93	898.80
942.17	892.20
942.42	888.40
942.66	883.40
942.90	888.00
943.15	888.60
943.39	894.90
943.64	895.00
943.88	889.50
944.12	889.90
944.37	896.70
944.61	888.10
944.86	898.50
945.10	900.90
945.35	897.10
945.59	899.30
945.83	908.80
946.08	902.70
946.32	907.80
946.57	904.90
946.81	915.50
947.05	918.80
947.30	909.20
947.54	913.70
947.78	934.90
948.03	938.10
948.27	933.10
948.52	934.60
948.76	935.60
949.00	937.70
949.25	944.80
949.49	951.90
949.74	952.00
949.98	957.00
950.22	961.10
950.47	958.10
950.71	962.70
950.95	960.90
951.20	956.60
951.44	955.10
951.69	972.40
951.93	963.80
952.17	976.40
952.42	981.10
952.66	971.10
952.90	975.40
953.15	988.40
953.39	975.30
953.64	973.60
953.88	981.10
954.12	979.60
954.37	981.50
954.61	974.20
954.85	983.00
955.10	998.30
955.34	991.00
955.58	981.80
955.83	991.90
956.07	986.90
956.32	991.10
956.56	998.80
956.80	996.40
957.05	993.70
957.29	1004.90
957.53	1005.40
957.78	1002.60
958.02	998.00
958.26	1001.00
958.51	997.70
958.75	982.20
958.99	991.50
959.24	1004.30
959.48	994.30
959.72	999.30
959.97	997.60
960.21	992.60
960.45	993.80
960.70	997.30
960.94	993.70
961.18	996.10
961.43	997.20
961.67	999.80
961.91	1004.90
962.16	994.70
962.40	999.20
962.64	996.50
962.89	983.40
963.13	976.10
963.37	982.20
963.62	976.60
963.86	984.20
964.10	977.60
964.35	965.70
964.59	968.80
964.83	990.50
965.08	982.80
965.32	975.00
965.56	973.70
965.81	973.50
966.05	972.90
966.29	973.30
966.54	964.10
966.78	963.50
967.02	959.50
967.27	970.00
967.51	964.60
967.75	966.00
967.99	961.30
968.24	957.50
968.48	967.20
968.72	956.50
968.97	949.90
969.21	947.90
969.45	948.10
969.70	950.30
969.94	943.00
970.18	950.40
970.42	944.00
970.67	944.50
970.91	928.80
971.15	922.10
971.40	935.30
971.64	919.70
971.88	925.00
972.12	918.60
972.37	920.90
972.61	913.90
972.85	904.60
973.10	901.70
973.34	903.70
973.58	899.60
973.82	904.50
974.07	907.10
974.31	910.90
974.55	902.10
974.80	890.20
975.04	887.30
975.28	879.90
975.52	880.00
975.77	870.50
976.01	858.70
976.25	871.50
976.50	858.40
976.74	851.20
976.98	837.50
977.22	846.40
977.47	851.10
977.71	844.00
977.95	831.70
978.19	829.70
978.44	820.70
978.68	833.40
978.92	817.70
979.16	818.30
979.41	815.50
979.65	825.70
979.89	820.80
980.13	816.40
980.38	812.60
980.62	812.40
980.86	811.60
981.10	804.90
981.35	795.20
981.59	788.70
981.83	797.60
982.07	801.30
982.32	807.20
982.56	781.70
982.80	774.10
983.04	768.30
983.29	766.00
983.53	753.40
983.77	756.60
984.01	758.70
984.26	746.20
984.50	738.80
984.74	752.30
984.98	757.60
985.23	734.80
985.47	746.20
985.71	725.90
985.95	741.90
986.19	732.80
986.44	729.00
986.68	733.10
986.92	719.70
987.16	716.90
987.41	712.30
987.65	720.40
987.89	707.20
988.13	709.50
988.37	698.60
988.62	700.80
988.86	684.00
989.10	693.80
989.34	686.50
989.59	670.60
989.83	676.00
990.07	682.70
990.31	676.50
990.55	668.70
990.80	670.50
991.04	673.60
991.28	673.10
991.52	659.10
991.76	647.70
992.01	648.40
992.25	648.40
992.49	638.60
992.73	629.90
992.97	631.90
993.22	636.80
993.46	634.20
993.70	633.00
993.94	632.00
994.18	624.50
994.43	613.80
994.67	607.10
994.91	612.00
995.15	601.40
995.39	597.80
995.64	592.50
995.88	593.30
996.12	579.80
996.36	582.10
996.60	575.40
996.84	577.60
997.09	577.80
997.33	570.00
997.57	570.00
997.81	570.70
998.05	567.20
998.30	560.30
998.54	554.80
998.78	561.60
999.02	556.20
999.26	542.90
999.50	546.00
999.75	547.80
999.99	539.50
1000.23	541.70
1000.47	524.70
1000.71	527.60
1000.95	533.10
1001.20	522.30
1001.44	517.50
1001.68	506.30
1001.92	503.90
1002.16	497.40
1002.40	493.30
1002.65	490.20
1002.89	491.70
1003.13	476.10
1003.37	479.00
1003.61	490.80
1003.85	481.00
1004.09	468.70
1004.34	468.20
1004.58	473.00
1004.82	463.40
1005.06	446.90
1005.30	456.50
1005.54	463.80
1005.78	460.90
1006.03	455.70
1006.27	459.40
1006.51	453.30
1006.75	448.90
1006.99	435.30
1007.23	441.90
1007.47	432.30
1007.72	422.00
1007.96	432.20
1008.20	439.20
1008.44	419.30
1008.68	421.60
1008.92	414.30
1009.16	420.80
1009.40	419.00
1009.65	420.00
1009.89	416.60
1010.13	411.40
1010.37	408.60
1010.61	412.10
1010.85	413.50
1011.09	402.00
1011.33	398.90
1011.58	400.40
1011.82	399.30
1012.06	404.80
1012.30	405.80
1012.54	398.50
1012.78	391.50
1013.02	385.80
1013.26	382.30
1013.50	378.50
1013.75	393.00
1013.99	380.20
1014.23	374.70
1014.47	377.20
1014.71	376.90
1014.95	370.90
1015.19	371.30
1015.43	376.60
1015.67	372.20
1015.92	370.20
1016.16	365.40
1016.40	361.20
1016.64	360.60
1016.88	367.20
1017.12	370.90
1017.36	360.70
1017.60	348.10
1017.84	353.50
1018.08	349.20
1018.32	337.70
1018.57	346.80
1018.81	346.50
1019.05	348.30
1019.29	344.10
1019.53	340.20
1019.77	339.90
1020.01	344.20
1020.25	335.50
1020.49	336.60
1020.73	336.30
1020.97	335.50
1021.21	324.40
1021.45	328.80
1021.70	320.80
1021.94	328.60
1022.18	317.50
1022.42	314.40
1022.66	316.20
1022.90	314.60
1023.14	310.40
1023.38	317.80
1023.62	319.90
1023.86	309.00
1024.10	300.70
1024.34	303.80
1024.58	303.50
1024.82	301.20
1025.06	302.90
1025.31	305.10
1025.55	302.80
1025.79	303.60
1026.03	303.80
1026.27	296.90
1026.51	288.70
1026.75	297.80
1026.99	284.90
1027.23	286.90
1027.47	279.10
1027.71	281.70
1027.95	293.00
1028.19	290.30
1028.43	275.80
1028.67	280.20
1028.91	284.50
1029.15	270.70
1029.39	271.70
1029.63	265.70
1029.87	264.20
1030.11	266.00
1030.36	271.90
1030.60	272.30
1030.84	265.80
1031.08	274.10
1031.32	256.40
1031.56	262.20
1031.80	260.00
1032.04	264.00
1032.28	262.80
1032.52	258.80
1032.76	247.90
1033.00	240.40
1033.24	247.30
1033.48	251.40
1033.72	251.20
1033.96	243.50
1034.20	244.00
1034.44	243.60
1034.68	248.80
1034.92	248.70
1035.16	246.70
1035.40	251.20
1035.64	236.50
1035.88	231.50
1036.12	224.50
1036.36	232.70
1036.60	227.60
1036.84	231.60
1037.08	227.00
1037.32	229.10
1037.56	231.40
1037.80	224.20
1038.04	221.50
1038.28	224.90
1038.52	221.30
1038.76	219.70
1039.00	216.00
1039.24	208.30
1039.48	212.00
1039.72	213.60
1039.96	215.30
1040.20	215.60
1040.44	199.50
1040.68	198.70
1040.92	198.00
1041.16	206.50
1041.40	208.40
1041.64	209.60
1041.88	203.10
1042.12	194.50
1042.36	204.20
1042.60	211.90
1042.84	205.10
1043.08	207.10
1043.32	197.80
1043.56	193.70
1043.80	196.90
1044.04	197.70
1044.28	189.60
1044.52	194.80
1044.76	191.30
1045.00	184.00
1045.24	197.50
1045.48	183.10
1045.72	188.90
1045.96	196.60
1046.19	182.90
1046.43	183.50
1046.67	181.20
1046.91	189.10
1047.15	176.70
1047.39	179.50
1047.63	169.20
1047.87	162.20
1048.11	182.40
1048.35	164.70
1048.59	169.60
1048.83	166.80
1049.07	164.90
1049.31	171.40
1049.55	165.70
1049.79	157.70
1050.03	170.60
1050.27	173.30
1050.51	177.40
1050.75	171.10
1050.99	166.40
1051.22	168.40
1051.46	161.80
1051.70	161.20
1051.94	173.70
1052.18	169.30
1052.42	167.70
1052.66	164.10
1052.90	165.30
1053.14	160.60
1053.38	167.60
1053.62	161.30
1053.86	160.40
1054.10	148.20
1054.34	144.10
1054.58	147.50
1054.81	143.00
1055.05	148.30
1055.29	159.20
1055.53	157.80
1055.77	148.70
1056.01	151.10
1056.25	152.30
1056.49	151.20
1056.73	145.60
1056.97	146.50
1057.21	141.60
1057.45	145.20
1057.69	141.60
1057.92	145.50
1058.16	138.00
1058.40	135.40
1058.64	141.00
1058.88	139.00
1059.12	135.60
1059.36	139.80
1059.60	137.00
1059.84	142.30
1060.08	130.50
1060.31	133.60
1060.55	133.00
1060.79	134.10
1061.03	125.50
1061.27	120.20
1061.51	125.90
1061.75	134.20
1061.99	137.60
1062.23	130.60
1062.47	128.90
1062.70	127.20
1062.94	129.40
1063.18	120.30
1063.42	122.10
1063.66	124.60
1063.90	122.10
1064.14	125.10
1064.38	119.00
1064.62	120.20
1064.85	117.40
1065.09	117.90
1065.33	121.00
1065.57	122.90
1065.81	123.50
1066.05	126.90
1066.29	120.30
1066.53	123.40
1066.76	122.20
1067.00	118.80
1067.24	112.90
1067.48	117.30
1067.72	114.20
1067.96	110.50
1068.20	116.20
1068.43	117.30
1068.67	112.40
1068.91	108.90
1069.15	116.20
1069.39	112.50
1069.63	106.80
1069.87	104.70
1070.11	110.30
1070.34	105.00
1070.58	104.40
1070.82	108.40
1071.06	106.60
1071.30	105.60
1071.54	100.40
1071.77	102.90
1072.01	100.50
1072.25	100.90
1072.49	102.30
1072.73	109.10
1072.97	109.80
1073.21	103.20
1073.44	101.20
1073.68	113.70
1073.92	98.80
1074.16	98.50
1074.40	96.30
1074.64	97.20
1074.87	103.70
1075.11	103.10
1075.35	107.60
1075.59	101.70
1075.83	92.90
1076.07	96.90
1076.30	99.10
1076.54	100.80
1076.78	93.00
1077.02	100.70
1077.26	102.40
1077.50	102.30
1077.73	101.10
1077.97	98.00
1078.21	92.90
1078.45	92.20
1078.69	99.90
1078.92	98.00
1079.16	90.00
1079.40	83.90
1079.64	93.50
1079.88	94.10
1080.12	95.60
1080.35	88.60
1080.59	84.70
1080.83	82.20
1081.07	78.30
1081.31	80.80
1081.54	82.10
1081.78	82.20
1082.02	83.90
1082.26	89.10
1082.50	86.70
1082.73	87.90
1082.97	85.80
1083.21	73.90
1083.45	75.70
1083.69	82.90
1083.92	79.70
1084.16	82.00
1084.40	82.50
1084.64	79.00
1084.88	86.40
1085.11	73.90
1085.35	68.20
1085.59	76.70
1085.83	73.00
1086.06	75.50
1086.30	76.10
1086.54	74.20
1086.78	80.30
1087.02	77.20
1087.25	76.40
1087.49	67.60
1087.73	64.70
1087.97	62.00
1088.20	65.70
1088.44	71.40
1088.68	66.80
1088.92	63.70
1089.16	65.70
1089.39	63.20
1089.63	63.00
1089.87	55.40
1090.11	53.80
1090.34	59.10
1090.58	57.80
1090.82	55.30
1091.06	57.40
1091.29	65.40
1091.53	60.50
1091.77	58.90
1092.01	58.70
1092.24	59.10
1092.48	60.00
1092.72	56.00
1092.96	50.00
1093.20	43.70
1093.43	41.90
1093.67	54.60
1093.91	52.40
1094.15	52.40
1094.38	55.10
1094.62	46.70
1094.86	46.40
1095.09	48.40
1095.33	44.30
1095.57	45.80
1095.81	47.40
1096.04	44.00
1096.28	43.40
1096.52	48.10
1096.76	43.70
1096.99	36.80
1097.23	42.30
1097.47	36.60
1097.71	43.10
1097.94	43.10
1098.18	43.90
1098.42	42.00
1098.65	44.90
1098.89	44.10
1099.13	42.60
1099.37	36.60
1099.60	33.90
1099.84	43.40
1100.08	38.70
1100.32	36.10
1100.55	36.00
1100.79	40.90
1101.03	40.20
1101.26	44.80
1101.50	35.90
1101.74	36.50
1101.98	36.20
1102.21	33.50
1102.45	40.00
1102.69	42.20
1102.92	40.30
1103.16	42.60
1103.40	34.80
1103.64	23.40
1103.87	24.30
1104.11	32.70
1104.35	26.80
1104.58	29.80
1104.82	30.40
1105.06	30.10
1105.29	34.70
1105.53	34.90
1105.77	30.10
1106.00	24.50
1106.24	26.00
1106.48	33.90
1106.72	29.70
1106.95	26.90
1107.19	25.10
1107.43	26.50
1107.66	22.50
1107.90	31.40
1108.14	26.60
1108.37	23.90
1108.61	16.20
1108.85	15.70
1109.08	24.80
1109.32	23.30
1109.56	22.10
1109.79	16.40
1110.03	15.30
1110.27	25.30
1110.50	16.20
1110.74	17.20
1110.98	16.30
1111.21	23.80
1111.45	23.90
1111.69	25.30
1111.92	22.20
1112.16	18.80
1112.40	20.80
1112.63	22.40
1112.87	22.90
1113.11	16.20
1113.34	18.20
1113.58	21.00
1113.82	14.00
1114.05	27.40
1114.29	17.80
1114.53	19.60
1114.76	10.60
1115.00	26.10
1115.24	21.80
1115.47	15.50
1115.71	19.80
1115.95	13.20
1116.18	14.80
1116.42	10.60
1116.66	25.00
1116.89	19.70
1117.13	13.80
1117.36	15.70
1117.60	17.30
1117.84	17.60
1118.07	14.40
1118.31	17.30
1118.55	16.90
1118.78	19.10
1119.02	8.10
1119.26	10.90
1119.49	17.50
1119.73	19.60
1119.96	9.90
1120.20	16.90
1120.44	12.90
1120.67	14.30
1120.91	14.10
1121.15	13.10
1121.38	3.50
1121.62	15.40
