194.94	6.90
195.21	6.90
195.48	6.90
195.75	1.30
196.02	-1.00
196.29	-6.60
196.56	0.40
196.83	11.00
197.10	10.50
197.37	4.30
197.64	6.50
197.91	4.40
198.18	8.70
198.45	2.00
198.72	1.10
198.99	4.40
199.26	-3.20
199.53	-3.30
199.80	0.00
200.07	-3.20
200.34	5.80
200.61	3.80
200.87	-1.40
201.14	7.20
201.41	-0.90
201.68	-7.10
201.95	-4.20
202.22	0.20
202.49	8.10
202.76	12.20
203.03	-2.00
203.30	1.80
203.57	9.60
203.84	10.30
204.11	6.10
204.38	5.50
204.65	6.50
204.92	9.80
205.19	-2.20
205.46	-3.00
205.73	-1.50
206.00	-2.20
206.27	5.30
206.54	-0.90
206.80	3.60
207.07	1.80
207.34	-12.50
207.61	0.30
207.88	0.40
208.15	3.90
208.42	2.70
208.69	2.80
208.96	6.90
209.23	10.00
209.50	4.70
209.77	-4.10
210.04	-1.00
210.31	-1.80
210.58	-5.90
210.85	3.70
211.11	-4.50
211.38	-7.60
211.65	-0.90
211.92	5.00
212.19	1.10
212.46	-9.50
212.73	1.40
213.00	5.20
213.27	11.30
213.54	10.30
213.81	11.40
214.08	2.30
214.35	0.70
214.62	-4.00
214.88	-2.80
215.15	-8.90
215.42	-5.10
215.69	-8.20
215.96	0.40
216.23	1.90
216.50	2.70
216.77	-3.10
217.04	0.00
217.31	-6.50
217.58	-0.40
217.85	-4.80
218.12	4.40
218.38	0.20
218.65	-0.80
218.92	-3.30
219.19	-9.30
219.46	-6.90
219.73	-2.90
220.00	-1.40
220.27	-5.00
220.54	-1.30
220.81	3.10
221.08	-6.50
221.34	-9.40
221.61	1.40
221.88	1.70
222.15	-1.70
222.42	6.40
222.69	5.80
222.96	6.40
223.23	11.80
223.50	4.60
223.77	-5.10
224.03	-2.40
224.30	3.60
224.57	-0.40
224.84	-1.00
225.11	-4.90
225.38	-1.90
225.65	9.10
225.92	6.40
226.19	3.60
226.46	-10.50
226.72	-3.00
226.99	2.20
227.26	10.90
227.53	15.70
227.80	-1.50
228.07	-2.60
228.34	0.70
228.61	3.20
228.88	6.60
229.14	2.20
229.41	3.90
229.68	7.70
229.95	4.20
230.22	5.30
230.49	10.40
230.76	3.10
231.03	-1.40
231.29	-0.60
231.56	-0.80
231.83	0.30
232.10	1.60
232.37	-4.40
232.64	-1.40
232.91	-2.60
233.18	3.30
233.44	1.80
233.71	3.70
233.98	8.70
234.25	0.80
234.52	7.90
234.79	3.70
235.06	3.20
235.33	-5.20
235.59	-1.70
235.86	-4.50
236.13	-3.10
236.40	-6.40
236.67	-1.30
236.94	0.60
237.21	-3.80
237.47	-7.40
237.74	5.40
238.01	-2.30
238.28	5.90
238.55	-2.80
238.82	8.10
239.09	3.70
239.35	3.20
239.62	5.90
239.89	2.90
240.16	1.60
240.43	0.90
240.70	-8.50
240.97	-0.70
241.23	-6.70
241.50	-1.40
241.77	-4.10
242.04	-2.00
242.31	6.00
242.58	-2.00
242.84	-7.20
243.11	-2.70
243.38	-1.30
243.65	-0.50
243.92	4.00
244.19	4.20
244.46	0.00
244.72	1.00
244.99	0.70
245.26	0.60
245.53	-2.20
245.80	4.80
246.07	0.40
246.33	1.80
246.60	6.50
246.87	1.90
247.14	4.80
247.41	-1.70
247.68	-2.30
247.94	-0.90
248.21	2.10
248.48	4.80
248.75	1.20
249.02	-11.40
249.29	-3.90
249.55	-1.60
249.82	-2.10
250.09	-8.00
250.36	-8.70
250.63	-4.40
250.89	-6.60
251.16	-10.80
251.43	-8.30
251.70	-10.70
251.97	-13.30
252.24	-16.70
252.50	-7.50
252.77	-5.10
253.04	-1.00
253.31	-6.10
253.58	-7.80
253.84	-1.60
254.11	7.80
254.38	7.30
254.65	6.00
254.92	2.30
255.19	-4.90
255.45	-13.50
255.72	0.20
255.99	2.80
256.26	-2.40
256.53	-2.80
256.79	-4.30
257.06	-7.30
257.33	-0.50
257.60	2.30
257.87	5.10
258.13	9.10
258.40	2.90
258.67	5.60
258.94	-0.20
259.21	3.40
259.47	2.20
259.74	-4.30
260.01	-9.70
260.28	2.60
260.55	-1.60
260.81	-9.00
261.08	-3.40
261.35	-4.00
261.62	2.40
261.89	-3.80
262.15	-6.10
262.42	-7.40
262.69	1.90
262.96	1.80
263.23	-2.00
263.49	3.50
263.76	6.90
264.03	8.30
264.30	0.30
264.56	-4.00
264.83	-5.00
265.10	-3.90
265.37	-7.40
265.64	-4.70
265.90	-1.20
266.17	-3.60
266.44	-3.10
266.71	-0.80
266.97	2.30
267.24	-4.00
267.51	-4.20
267.78	-5.50
268.05	-1.20
268.31	-1.10
268.58	3.00
268.85	-1.70
269.12	-2.10
269.38	-2.20
269.65	-4.60
269.92	-4.50
270.19	-8.40
270.45	4.10
270.72	3.90
270.99	4.80
271.26	0.50
271.53	-1.30
271.79	7.00
272.06	9.60
272.33	-1.20
272.60	-11.40
272.86	-10.00
273.13	-1.00
273.40	7.80
273.67	3.20
273.93	-4.30
274.20	2.10
274.47	-3.40
274.74	5.40
275.00	-3.20
275.27	-3.10
275.54	-3.20
275.81	1.60
276.07	-1.70
276.34	-6.40
276.61	-0.20
276.88	-3.20
277.14	-2.50
277.41	-1.30
277.68	-1.10
277.95	3.20
278.21	6.70
278.48	9.30
278.75	4.80
279.02	-5.60
279.28	-4.50
279.55	-7.40
279.82	2.20
280.09	9.50
280.35	-2.70
280.62	2.80
280.89	-0.10
281.16	0.10
281.42	0.90
281.69	0.50
281.96	9.00
282.22	1.80
282.49	-9.50
282.76	4.00
283.03	1.10
283.29	5.50
283.56	2.10
283.83	0.30
284.10	-3.40
284.36	4.50
284.63	-6.30
284.90	-1.40
285.16	-3.50
285.43	-3.10
285.70	-2.80
285.97	-7.20
286.23	2.50
286.50	7.20
286.77	4.30
287.04	-1.20
287.30	0.40
287.57	0.50
287.84	4.50
288.10	1.00
288.37	2.30
288.64	1.80
288.91	-3.50
289.17	-4.00
289.44	3.90
289.71	6.20
289.97	-4.10
290.24	6.40
290.51	5.80
290.78	8.40
291.04	10.50
291.31	5.80
291.58	4.80
291.84	10.90
292.11	4.80
292.38	1.00
292.64	4.50
292.91	-2.30
293.18	-4.00
293.45	-6.20
293.71	0.50
293.98	-4.40
294.25	-6.00
294.51	-2.20
294.78	-5.50
295.05	-7.90
295.31	-2.60
295.58	3.90
295.85	-5.10
296.12	-2.20
296.38	1.60
296.65	-1.60
296.92	3.00
297.18	-1.00
297.45	7.30
297.72	2.90
297.98	0.30
298.25	-5.90
298.52	9.20
298.78	3.60
299.05	0.30
299.32	-2.50
299.58	-2.20
299.85	-2.80
300.12	-4.90
300.39	3.80
300.65	3.90
300.92	2.50
301.19	0.60
301.45	14.40
301.72	0.30
301.99	6.40
302.25	1.10
302.52	-0.50
302.79	-5.80
303.05	-3.70
303.32	-2.20
303.59	-1.90
303.85	-7.90
304.12	-3.10
304.39	-1.30
304.65	11.80
304.92	6.70
305.19	6.30
305.45	-3.00
305.72	-5.40
305.99	-8.00
306.25	-5.60
306.52	1.80
306.79	4.30
307.05	4.70
307.32	1.20
307.59	2.00
307.85	1.30
308.12	-3.40
308.39	5.80
308.65	1.60
308.92	5.60
309.19	6.50
309.45	2.20
309.72	-4.30
309.98	0.10
310.25	6.90
310.52	0.60
310.78	-0.90
311.05	3.20
311.32	0.40
311.58	-6.10
311.85	-1.10
312.12	-2.90
312.38	4.30
312.65	-3.50
312.92	3.00
313.18	4.60
313.45	-1.60
313.72	2.90
313.98	5.30
314.25	-3.40
314.51	-2.40
314.78	8.80
315.05	3.60
315.31	6.30
315.58	0.50
315.85	1.80
316.11	-0.70
316.38	-2.60
316.65	-13.20
316.91	-2.60
317.18	-1.90
317.44	-5.90
317.71	-9.20
317.98	5.10
318.24	-2.80
318.51	-11.50
318.78	3.50
319.04	10.60
319.31	8.30
319.57	2.50
319.84	-3.20
320.11	-6.80
320.37	-4.60
320.64	-7.10
320.91	-5.40
321.17	-1.40
321.44	-0.10
321.70	-6.60
321.97	8.80
322.24	0.10
322.50	-4.50
322.77	-7.00
323.03	3.20
323.30	3.70
323.57	-9.20
323.83	-8.60
324.10	0.50
324.37	-2.90
324.63	-1.20
324.90	0.30
325.16	6.50
325.43	6.70
325.70	6.40
325.96	4.80
326.23	4.20
326.49	5.10
326.76	-7.70
327.03	-1.40
327.29	2.50
327.56	2.90
327.82	-6.80
328.09	-7.50
328.36	1.20
328.62	6.50
328.89	-3.70
329.15	-0.50
329.42	2.50
329.69	5.70
329.95	-0.20
330.22	0.50
330.48	-2.50
330.75	3.70
331.02	0.30
331.28	6.70
331.55	1.10
331.81	4.60
332.08	-5.40
332.34	-4.10
332.61	1.50
332.88	5.50
333.14	-5.30
333.41	-0.10
333.67	0.10
333.94	-2.00
334.21	3.00
334.47	2.20
334.74	4.00
335.00	-1.80
335.27	0.90
335.53	-4.60
335.80	-0.10
336.07	-1.60
336.33	-0.30
336.60	-7.80
336.86	-4.10
337.13	-3.40
337.39	-0.40
337.66	-3.00
337.93	-1.70
338.19	1.50
338.46	-5.30
338.72	0.60
338.99	-0.20
339.25	-2.90
339.52	1.70
339.79	1.60
340.05	2.00
340.32	2.50
340.58	5.90
340.85	11.60
341.11	5.40
341.38	3.20
341.65	-1.00
341.91	10.30
342.18	9.50
342.44	9.40
342.71	2.80
342.97	-3.50
343.24	2.90
343.50	-0.10
343.77	-7.30
344.03	-9.00
344.30	-7.00
344.57	-5.10
344.83	-0.20
345.10	4.70
345.36	5.10
345.63	-2.40
345.89	1.40
346.16	-2.00
346.42	5.70
346.69	8.20
346.96	3.50
347.22	-1.10
347.49	0.10
347.75	3.30
348.02	5.30
348.28	-2.50
348.55	-2.20
348.81	-5.80
349.08	-5.00
349.34	0.00
349.61	-0.40
349.87	6.00
350.14	3.60
350.40	7.00
350.67	-0.50
350.94	0.10
351.20	3.00
351.47	-5.70
351.73	1.60
352.00	8.00
352.26	2.90
352.53	8.20
352.79	5.00
353.06	6.90
353.32	-4.30
353.59	-5.10
353.85	-0.30
354.12	8.90
354.38	-3.70
354.65	1.10
354.91	3.90
355.18	1.20
355.44	1.10
355.71	2.00
355.97	-0.70
356.24	9.80
356.51	6.40
356.77	11.20
357.04	-2.50
357.30	0.00
357.57	-9.40
357.83	-7.20
358.10	3.00
358.36	-3.80
358.63	-7.00
358.89	-1.10
359.16	11.40
359.42	4.50
359.69	-3.00
359.95	6.40
360.22	-0.70
360.48	2.60
360.75	0.50
361.01	-3.00
361.28	-0.90
361.54	1.80
361.81	-4.30
362.07	-14.80
362.34	-2.50
362.60	10.10
362.87	8.10
363.13	7.90
363.40	0.50
363.66	0.10
363.93	-1.20
364.19	-8.90
364.46	-1.10
364.72	-2.70
364.99	1.60
365.25	-4.20
365.52	-4.40
365.78	4.40
366.04	2.10
366.31	15.30
366.57	4.80
366.84	3.50
367.10	0.20
367.37	3.20
367.63	0.80
367.90	0.30
368.16	3.00
368.43	-4.60
368.69	-0.90
368.96	-9.00
369.22	-9.80
369.49	-5.40
369.75	-2.90
370.02	0.40
370.28	4.60
370.55	2.00
370.81	5.70
371.08	3.60
371.34	6.70
371.60	11.50
371.87	3.10
372.13	4.80
372.40	0.00
372.66	1.30
372.93	2.30
373.19	8.90
373.46	-1.60
373.72	-1.60
373.99	-0.20
374.25	-4.20
374.52	0.70
374.78	14.20
375.04	9.90
375.31	3.00
375.57	8.80
375.84	0.80
376.10	-4.60
376.37	3.50
376.63	-3.60
376.90	1.70
377.16	0.90
377.43	-0.90
377.69	-4.00
377.95	-3.90
378.22	-11.60
378.48	2.20
378.75	10.60
379.01	9.80
379.28	0.60
379.54	-7.70
379.81	1.10
380.07	-2.90
380.33	1.90
380.60	-5.20
380.86	3.40
381.13	5.80
381.39	-7.30
381.66	-7.60
381.92	6.50
382.19	5.70
382.45	1.10
382.71	7.10
382.98	3.50
383.24	0.40
383.51	-0.90
383.77	3.10
384.04	2.10
384.30	-4.40
384.56	0.40
384.83	0.80
385.09	-1.10
385.36	-2.30
385.62	-9.50
385.89	-7.30
386.15	-4.80
386.41	-5.40
386.68	-3.00
386.94	-2.60
387.21	-2.60
387.47	6.60
387.74	-1.70
388.00	1.70
388.26	6.20
388.53	10.90
388.79	6.10
389.06	5.20
389.32	3.90
389.58	-2.00
389.85	1.70
390.11	6.40
390.38	-3.50
390.64	-3.60
390.90	1.30
391.17	-5.10
391.43	-5.90
391.70	0.00
391.96	-1.00
392.23	-7.30
392.49	-0.10
392.75	-4.20
393.02	-2.90
393.28	-0.40
393.55	3.60
393.81	-2.80
394.07	-1.00
394.34	3.60
394.60	4.70
394.87	5.60
395.13	1.20
395.39	8.20
395.66	1.90
395.92	-9.80
396.18	-5.40
396.45	5.40
396.71	6.20
396.98	7.50
397.24	-6.20
397.50	-0.80
397.77	-1.20
398.03	2.80
398.30	-0.10
398.56	-0.20
398.82	1.10
399.09	2.60
399.35	2.70
399.62	1.50
399.88	3.60
400.14	-4.50
400.41	-1.70
400.67	2.50
400.93	-3.30
401.20	-9.70
401.46	-13.60
401.73	-9.10
401.99	2.30
402.25	2.80
402.52	-3.70
402.78	5.40
403.04	-0.60
403.31	-2.70
403.57	-5.50
403.84	2.70
404.10	-1.90
404.36	1.40
404.63	0.70
404.89	-5.20
405.15	-6.00
405.42	-6.70
405.68	-7.20
405.94	4.40
406.21	7.10
406.47	0.20
406.74	1.60
407.00	3.00
407.26	0.80
407.53	-5.70
407.79	0.90
408.05	4.40
408.32	-3.50
408.58	-3.60
408.84	4.30
409.11	4.50
409.37	2.40
409.63	-2.10
409.90	-9.10
410.16	-5.00
410.42	3.90
410.69	1.80
410.95	-1.70
411.22	0.50
411.48	6.10
411.74	2.20
412.01	4.30
412.27	11.40
412.53	6.10
412.80	8.50
413.06	0.30
413.32	2.10
413.59	-0.50
413.85	-0.70
414.11	-3.70
414.38	1.20
414.64	4.10
414.90	2.30
415.17	0.80
415.43	4.00
415.69	6.00
415.96	1.40
416.22	4.40
416.48	-0.60
416.75	-5.50
417.01	-13.60
417.27	-7.20
417.54	14.00
417.80	9.10
418.06	9.70
418.33	8.60
418.59	2.10
418.85	2.40
419.12	6.10
419.38	-1.20
419.64	4.10
419.91	0.20
420.17	6.00
420.43	10.40
420.69	2.60
420.96	-3.30
421.22	3.40
421.48	-1.80
421.75	4.40
422.01	2.90
422.27	3.10
422.54	5.10
422.80	4.30
423.06	0.90
423.33	2.10
423.59	-3.50
423.85	0.10
424.11	-1.10
424.38	-1.00
424.64	6.90
424.90	4.00
425.17	3.80
425.43	6.80
425.69	7.90
425.96	2.30
426.22	5.40
426.48	3.80
426.75	2.00
427.01	0.00
427.27	5.10
427.53	6.50
427.80	6.00
428.06	-4.60
428.32	4.20
428.59	13.10
428.85	6.90
429.11	3.70
429.37	-0.40
429.64	7.00
429.90	14.10
430.16	9.40
430.43	4.10
430.69	3.40
430.95	5.10
431.21	5.20
431.48	7.90
431.74	6.50
432.00	6.60
432.27	1.90
432.53	-4.80
432.79	6.80
433.05	7.30
433.32	5.30
433.58	10.00
433.84	8.60
434.11	3.80
434.37	1.30
434.63	4.90
434.89	6.60
435.16	2.90
435.42	2.50
435.68	5.70
435.94	-1.60
436.21	4.80
436.47	12.50
436.73	18.10
436.99	10.10
437.26	1.00
437.52	4.60
437.78	5.10
438.05	3.80
438.31	5.40
438.57	-1.30
438.83	5.10
439.10	15.60
439.36	5.70
439.62	8.10
439.88	4.20
440.15	2.40
440.41	2.50
440.67	4.50
440.93	3.60
441.20	17.90
441.46	12.10
441.72	5.70
441.98	11.30
442.25	6.00
442.51	0.90
442.77	-0.60
443.03	-3.10
443.30	9.10
443.56	8.60
443.82	6.30
444.08	1.00
444.35	8.80
444.61	11.30
444.87	3.60
445.13	-0.50
445.40	7.60
445.66	15.30
445.92	5.40
446.18	5.40
446.44	7.10
446.71	13.10
446.97	15.40
447.23	12.60
447.49	15.20
447.76	10.80
448.02	6.90
448.28	1.70
448.54	-0.40
448.81	6.50
449.07	13.30
449.33	6.00
449.59	6.80
449.85	1.00
450.12	6.10
450.38	1.80
450.64	3.90
450.90	17.80
451.17	11.70
451.43	6.90
451.69	-0.20
451.95	3.70
452.21	10.20
452.48	17.00
452.74	14.60
453.00	12.70
453.26	10.40
453.53	10.30
453.79	10.90
454.05	14.40
454.31	11.00
454.57	5.70
454.84	11.60
455.10	11.60
455.36	10.00
455.62	17.90
455.88	10.50
456.15	4.10
456.41	9.10
456.67	3.20
456.93	3.60
457.19	7.50
457.46	12.50
457.72	6.10
457.98	4.30
458.24	14.70
458.50	21.50
458.77	12.30
459.03	13.20
459.29	10.30
459.55	9.90
459.81	5.80
460.08	15.00
460.34	16.10
460.60	13.70
460.86	15.60
461.12	15.10
461.39	16.70
461.65	4.00
461.91	7.00
462.17	9.10
462.43	5.10
462.69	7.80
462.96	14.90
463.22	14.00
463.48	7.40
463.74	16.80
464.00	8.60
464.27	4.40
464.53	18.60
464.79	18.30
465.05	16.80
465.31	20.30
465.57	23.40
465.84	7.30
466.10	7.00
466.36	10.80
466.62	10.30
466.88	14.50
467.14	9.10
467.41	12.10
467.67	15.20
467.93	17.80
468.19	6.10
468.45	5.10
468.71	9.60
468.98	23.70
469.24	20.90
469.50	21.60
469.76	18.00
470.02	17.60
470.28	9.80
470.55	13.80
470.81	14.40
471.07	12.20
471.33	19.80
471.59	14.80
471.85	9.10
472.11	20.90
472.38	22.00
472.64	22.40
472.90	31.20
473.16	16.30
473.42	15.30
473.68	16.20
473.95	16.90
474.21	18.90
474.47	23.40
474.73	21.30
474.99	19.30
475.25	24.00
475.51	21.00
475.78	19.40
476.04	25.10
476.30	22.50
476.56	22.70
476.82	29.50
477.08	25.10
477.34	26.10
477.61	22.00
477.87	29.20
478.13	24.50
478.39	23.90
478.65	28.30
478.91	15.60
479.17	15.60
479.43	26.40
479.70	29.00
479.96	31.50
480.22	22.70
480.48	18.00
480.74	17.10
481.00	26.80
481.26	20.40
481.52	24.20
481.79	24.00
482.05	29.30
482.31	25.10
482.57	19.10
482.83	22.60
483.09	25.40
483.35	24.60
483.61	33.60
483.88	27.60
484.14	26.50
484.40	28.30
484.66	19.10
484.92	15.90
485.18	30.90
485.44	35.40
485.70	30.70
485.96	31.80
486.23	33.30
486.49	30.90
486.75	30.10
487.01	36.30
487.27	40.50
487.53	32.80
487.79	30.80
488.05	27.20
488.31	27.10
488.57	26.60
488.84	24.20
489.10	27.10
489.36	30.90
489.62	35.30
489.88	39.10
490.14	32.70
490.40	27.70
490.66	39.20
490.92	34.90
491.18	32.60
491.44	24.40
491.71	34.30
491.97	30.80
492.23	35.50
492.49	35.50
492.75	33.40
493.01	37.60
493.27	42.80
493.53	40.70
493.79	38.00
494.05	38.00
494.31	36.20
494.58	34.60
494.84	45.60
495.10	49.20
495.36	43.20
495.62	37.60
495.88	35.10
496.14	38.00
496.40	41.60
496.66	48.70
496.92	39.00
497.18	47.20
497.44	46.40
497.70	47.90
497.96	51.00
498.23	54.20
498.49	52.50
498.75	47.50
499.01	53.50
499.27	51.40
499.53	54.00
499.79	57.40
500.05	59.10
500.31	64.40
500.57	60.60
500.83	54.50
501.09	53.60
501.35	51.30
501.61	66.10
501.87	68.00
502.13	62.40
502.40	55.10
502.66	60.40
502.92	59.60
503.18	63.60
503.44	63.30
503.70	60.70
503.96	61.00
504.22	67.70
504.48	62.60
504.74	57.70
505.00	64.50
505.26	68.60
505.52	72.70
505.78	64.20
506.04	66.20
506.30	55.50
506.56	62.60
506.82	69.40
507.08	74.40
507.34	68.40
507.60	73.80
507.86	69.40
508.13	75.40
508.39	70.90
508.65	70.10
508.91	66.20
509.17	62.70
509.43	75.60
509.69	72.70
509.95	73.80
510.21	75.00
510.47	71.20
510.73	76.30
510.99	74.70
511.25	77.60
511.51	74.30
511.77	71.40
512.03	71.40
512.29	79.20
512.55	79.50
512.81	76.00
513.07	70.30
513.33	75.60
513.59	75.90
513.85	71.00
514.11	77.60
514.37	80.40
514.63	78.00
514.89	78.80
515.15	79.40
515.41	82.60
515.67	78.30
515.93	80.90
516.19	77.20
516.45	69.10
516.71	80.90
516.97	79.30
517.23	80.20
517.49	84.90
517.75	84.00
518.01	79.60
518.27	71.00
518.53	70.60
518.79	82.60
519.05	84.60
519.31	84.30
519.57	76.60
519.83	83.70
520.09	90.10
520.35	83.00
520.61	83.50
520.87	78.00
521.13	73.50
521.39	82.60
521.65	88.90
521.91	94.40
522.17	95.40
522.43	90.90
522.69	85.60
522.95	90.60
523.21	87.30
523.47	92.60
523.73	93.90
523.99	94.30
524.25	94.90
524.51	98.40
524.77	106.50
525.03	91.60
525.29	96.70
525.55	100.10
525.81	96.60
526.07	101.70
526.33	102.40
526.59	110.00
526.85	111.50
527.11	111.30
527.37	109.70
527.63	111.40
527.89	111.00
528.15	101.50
528.41	100.10
528.67	105.90
528.93	114.30
529.19	121.50
529.45	116.90
529.71	119.20
529.96	118.10
530.22	116.70
530.48	126.50
530.74	121.70
531.00	117.20
531.26	126.00
531.52	124.40
531.78	131.30
532.04	135.30
532.30	123.40
532.56	132.70
532.82	126.80
533.08	127.40
533.34	135.10
533.60	135.70
533.86	133.00
534.12	129.50
534.38	128.50
534.64	136.10
534.90	136.70
535.16	134.70
535.42	141.00
535.67	148.40
535.93	144.10
536.19	140.70
536.45	144.80
536.71	153.40
536.97	147.40
537.23	140.30
537.49	141.40
537.75	139.80
538.01	147.10
538.27	149.10
538.53	145.30
538.79	162.70
539.05	141.60
539.31	150.70
539.57	144.60
539.82	146.00
540.08	150.30
540.34	141.80
540.60	147.90
540.86	152.00
541.12	146.20
541.38	154.90
541.64	158.30
541.90	152.00
542.16	149.70
542.42	151.10
542.68	147.50
542.94	154.60
543.19	152.40
543.45	154.70
543.71	143.30
543.97	141.90
544.23	146.60
544.49	150.20
544.75	149.50
545.01	146.20
545.27	145.00
545.53	151.00
545.79	149.90
546.05	151.10
546.30	137.70
546.56	141.10
546.82	145.10
547.08	146.80
547.34	141.80
547.60	141.20
547.86	145.40
548.12	155.10
548.38	147.90
548.64	144.20
548.89	145.80
549.15	149.70
549.41	147.40
549.67	153.70
549.93	152.70
550.19	149.70
550.45	152.70
550.71	149.00
550.97	156.50
551.23	159.10
551.48	154.40
551.74	158.90
552.00	151.60
552.26	157.00
552.52	151.40
552.78	162.20
553.04	155.60
553.30	157.00
553.56	154.40
553.81	159.60
554.07	153.40
554.33	156.40
554.59	164.20
554.85	160.10
555.11	160.10
555.37	163.60
555.63	163.10
555.88	156.10
556.14	157.10
556.40	157.00
556.66	166.10
556.92	171.20
557.18	170.20
557.44	172.40
557.70	165.60
557.95	174.10
558.21	168.50
558.47	165.10
558.73	165.30
558.99	167.30
559.25	174.50
559.51	177.10
559.76	180.80
560.02	175.60
560.28	172.90
560.54	173.40
560.80	184.10
561.06	183.80
561.32	182.00
561.58	183.70
561.83	187.10
562.09	184.80
562.35	185.60
562.61	193.10
562.87	194.50
563.13	193.50
563.38	184.70
563.64	190.30
563.90	194.10
564.16	200.50
564.42	195.90
564.68	195.40
564.94	202.20
565.19	197.00
565.45	202.20
565.71	196.90
565.97	205.70
566.23	211.50
566.49	205.10
566.74	209.80
567.00	208.10
567.26	217.70
567.52	215.90
567.78	216.00
568.04	216.50
568.29	205.90
568.55	214.50
568.81	222.80
569.07	208.40
569.33	222.90
569.59	222.00
569.84	221.40
570.10	220.80
570.36	205.20
570.62	220.40
570.88	221.90
571.14	223.40
571.39	233.00
571.65	236.80
571.91	222.80
572.17	223.00
572.43	224.50
572.69	226.90
572.94	225.70
573.20	225.90
573.46	232.10
573.72	230.40
573.98	240.20
574.23	243.10
574.49	224.90
574.75	227.70
575.01	237.40
575.27	241.00
575.53	239.30
575.78	242.90
576.04	234.10
576.30	237.60
576.56	235.90
576.82	237.40
577.07	226.90
577.33	230.00
577.59	236.50
577.85	237.30
578.11	228.10
578.36	224.00
578.62	225.70
578.88	237.50
579.14	240.10
579.40	245.40
579.65	233.00
579.91	233.10
580.17	234.20
580.43	226.40
580.69	225.70
580.94	225.20
581.20	220.90
581.46	223.20
581.72	225.80
581.97	232.60
582.23	224.20
582.49	225.50
582.75	236.70
583.01	225.30
583.26	229.00
583.52	231.30
583.78	230.80
584.04	232.50
584.30	229.00
584.55	219.70
584.81	215.10
585.07	216.50
585.33	213.90
585.58	220.30
585.84	232.80
586.10	227.60
586.36	211.70
586.61	218.10
586.87	212.40
587.13	211.90
587.39	215.80
587.65	221.90
587.90	233.20
588.16	216.70
588.42	221.40
588.68	219.80
588.93	220.70
589.19	219.10
589.45	217.60
589.71	224.10
589.96	225.70
590.22	220.90
590.48	211.90
590.74	213.90
590.99	217.70
591.25	222.60
591.51	217.30
591.77	217.90
592.02	216.20
592.28	220.40
592.54	221.30
592.80	219.60
593.05	220.50
593.31	218.90
593.57	215.90
593.83	217.80
594.08	217.50
594.34	220.60
594.60	212.50
594.86	228.20
595.11	223.90
595.37	216.20
595.63	217.10
595.89	219.70
596.14	216.40
596.40	216.70
596.66	217.90
596.92	225.20
597.17	223.50
597.43	216.00
597.69	221.50
597.95	236.60
598.20	225.10
598.46	222.90
598.72	232.70
598.97	222.90
599.23	230.20
599.49	229.60
599.75	225.00
600.00	224.80
600.26	236.50
600.52	234.20
600.78	232.60
601.03	235.20
601.29	233.90
601.55	233.80
601.80	235.30
602.06	238.50
602.32	235.20
602.58	237.10
602.83	243.70
603.09	244.70
603.35	256.80
603.60	248.20
603.86	243.80
604.12	242.50
604.38	245.70
604.63	242.60
604.89	236.10
605.15	251.50
605.40	258.40
605.66	248.50
605.92	247.00
606.18	242.20
606.43	252.50
606.69	260.70
606.95	251.40
607.20	252.80
607.46	260.20
607.72	257.50
607.97	251.90
608.23	254.10
608.49	248.60
608.75	257.10
609.00	271.10
609.26	261.40
609.52	260.80
609.77	266.20
610.03	260.40
610.29	259.30
610.54	264.70
610.80	269.00
611.06	272.50
611.31	273.80
611.57	262.00
611.83	255.60
612.08	262.90
612.34	262.90
612.60	257.30
612.86	267.70
613.11	267.30
613.37	271.10
613.63	273.50
613.88	278.90
614.14	267.40
614.40	270.10
614.65	271.70
614.91	267.10
615.17	263.90
615.42	254.20
615.68	257.90
615.94	271.00
616.19	267.60
616.45	277.50
616.71	271.30
616.96	266.10
617.22	261.00
617.48	255.70
617.73	275.90
617.99	273.80
618.25	259.30
618.50	268.10
618.76	268.10
619.02	264.70
619.27	263.70
619.53	258.80
619.79	263.70
620.04	267.80
620.30	257.30
620.56	261.90
620.81	254.40
621.07	256.70
621.32	257.80
621.58	261.20
621.84	251.30
622.09	244.70
622.35	256.60
622.61	252.70
622.86	248.40
623.12	245.50
623.38	237.10
623.63	250.00
623.89	233.90
624.15	237.10
624.40	249.10
624.66	250.30
624.92	250.50
625.17	238.30
625.43	231.60
625.68	237.30
625.94	242.70
626.20	235.50
626.45	235.30
626.71	238.90
626.97	239.00
627.22	237.60
627.48	232.00
627.73	229.70
627.99	240.80
628.25	237.90
628.50	226.20
628.76	225.90
629.02	227.00
629.27	223.20
629.53	227.70
629.78	238.80
630.04	234.50
630.30	218.50
630.55	214.50
630.81	216.50
631.07	215.20
631.32	215.60
631.58	214.40
631.83	215.80
632.09	220.20
632.35	217.30
632.60	220.10
632.86	223.10
633.11	218.20
633.37	218.70
633.63	215.80
633.88	218.80
634.14	216.10
634.40	209.30
634.65	205.30
634.91	199.60
635.16	195.80
635.42	202.40
635.68	203.00
635.93	200.20
636.19	202.90
636.44	195.20
636.70	192.00
636.96	197.80
637.21	205.10
637.47	193.20
637.72	197.20
637.98	203.40
638.23	202.20
638.49	213.80
638.75	201.50
639.00	195.40
639.26	197.20
639.51	206.60
639.77	204.60
640.03	200.90
640.28	197.00
640.54	194.20
640.79	198.80
641.05	198.70
641.30	196.80
641.56	186.00
641.82	189.60
642.07	197.40
642.33	196.00
642.58	191.40
642.84	186.20
643.10	189.20
643.35	199.90
643.61	192.40
643.86	193.50
644.12	191.00
644.37	189.10
644.63	206.60
644.89	197.90
645.14	188.50
645.40	189.40
645.65	202.20
645.91	195.10
646.16	189.80
646.42	187.00
646.67	191.30
646.93	199.90
647.19	194.10
647.44	192.20
647.70	190.50
647.95	194.20
648.21	194.10
648.46	188.60
648.72	187.00
648.97	202.60
649.23	199.00
649.49	193.20
649.74	201.10
650.00	210.40
650.25	197.40
650.51	190.80
650.76	197.90
651.02	196.10
651.27	201.60
651.53	205.00
651.79	205.60
652.04	202.90
652.30	205.70
652.55	200.30
652.81	200.00
653.06	203.10
653.32	202.10
653.57	202.30
653.83	199.10
654.08	202.80
654.34	210.60
654.59	199.20
654.85	194.40
655.10	198.00
655.36	198.90
655.62	201.00
655.87	197.20
656.13	198.90
656.38	193.60
656.64	200.00
656.89	197.90
657.15	201.30
657.40	203.40
657.66	207.20
657.91	209.40
658.17	205.80
658.42	209.80
658.68	214.70
658.93	208.20
659.19	198.60
659.44	206.80
659.70	200.90
659.95	198.80
660.21	210.40
660.46	209.10
660.72	213.60
660.97	206.20
661.23	198.80
661.48	203.80
661.74	208.50
661.99	204.80
662.25	196.90
662.51	203.00
662.76	209.30
663.02	201.70
663.27	199.10
663.53	201.70
663.78	205.10
664.04	203.30
664.29	206.70
664.55	196.80
664.80	191.40
665.06	200.10
665.31	205.10
665.56	201.40
665.82	196.10
666.07	199.20
666.33	197.30
666.58	203.90
666.84	199.60
667.09	200.30
667.35	195.00
667.60	206.40
667.86	204.90
668.11	193.20
668.37	192.90
668.62	207.50
668.88	196.50
669.13	198.40
669.39	190.30
669.64	189.90
669.90	190.30
670.15	195.30
670.41	199.60
670.66	196.50
670.92	191.30
671.17	191.00
671.43	186.50
671.68	190.70
671.94	186.70
672.19	192.10
672.44	191.10
672.70	192.30
672.95	195.20
673.21	180.40
673.46	185.10
673.72	184.10
673.97	182.20
674.23	176.00
674.48	172.20
674.74	181.80
674.99	179.90
675.25	177.30
675.50	180.40
675.75	187.60
676.01	180.30
676.26	173.20
676.52	168.00
676.77	169.80
677.03	169.80
677.28	178.30
677.54	175.50
677.79	180.40
678.05	178.30
678.30	174.60
678.55	168.30
678.81	171.40
679.06	168.80
679.32	170.60
679.57	170.30
679.83	169.60
680.08	170.50
680.34	171.90
680.59	170.10
680.84	168.60
681.10	168.10
681.35	167.40
681.61	159.20
681.86	159.90
682.12	163.40
682.37	163.10
682.62	166.80
682.88	166.20
683.13	184.40
683.39	169.40
683.64	165.70
683.90	154.60
684.15	167.40
684.40	155.90
684.66	155.00
684.91	159.10
685.17	155.60
685.42	153.40
685.68	159.60
685.93	163.90
686.18	149.10
686.44	152.60
686.69	156.80
686.95	149.30
687.20	150.60
687.46	157.50
687.71	162.90
687.96	157.00
688.22	146.10
688.47	152.30
688.73	156.20
688.98	151.30
689.23	146.30
689.49	162.60
689.74	155.70
690.00	153.50
690.25	151.80
690.50	155.10
690.76	155.10
691.01	153.80
691.27	144.90
691.52	157.90
691.77	159.20
692.03	155.10
692.28	163.50
692.54	153.10
692.79	149.00
693.04	154.60
693.30	158.30
693.55	158.60
693.81	146.50
694.06	154.40
694.31	157.80
694.57	154.60
694.82	148.80
695.08	151.50
695.33	155.30
695.58	155.80
695.84	148.30
696.09	160.20
696.34	168.40
696.60	162.80
696.85	159.40
697.11	155.90
697.36	162.30
697.61	156.00
697.87	151.00
698.12	157.80
698.37	164.80
698.63	168.70
698.88	175.90
699.14	166.60
699.39	157.20
699.64	160.50
699.90	160.10
700.15	164.40
700.40	171.00
700.66	160.40
700.91	161.90
701.17	161.80
701.42	158.40
701.67	160.40
701.93	158.70
702.18	167.50
702.43	155.80
702.69	161.30
702.94	165.00
703.19	172.70
703.45	165.20
703.70	175.30
703.95	178.20
704.21	168.30
704.46	177.10
704.72	173.60
704.97	175.30
705.22	166.50
705.48	174.30
705.73	164.70
705.98	171.90
706.24	171.70
706.49	170.00
706.74	163.00
707.00	168.30
707.25	177.50
707.50	186.50
707.76	173.70
708.01	176.60
708.26	169.40
708.52	173.80
708.77	173.40
709.02	182.90
709.28	172.40
709.53	171.40
709.78	187.50
710.04	183.60
710.29	195.20
710.54	195.20
710.80	186.10
711.05	186.10
711.30	191.10
711.56	198.80
711.81	189.70
712.06	191.00
712.32	193.00
712.57	186.20
712.82	192.70
713.08	199.50
713.33	192.80
713.58	197.30
713.84	196.00
714.09	193.20
714.34	197.50
714.59	201.30
714.85	194.40
715.10	193.70
715.35	193.10
715.61	198.70
715.86	213.70
716.11	208.10
716.37	192.50
716.62	200.90
716.87	201.10
717.13	199.80
717.38	195.80
717.63	202.00
717.89	205.30
718.14	203.60
718.39	211.40
718.64	207.40
718.90	197.40
719.15	214.90
719.40	212.50
719.66	198.20
719.91	213.90
720.16	218.00
720.41	207.00
720.67	206.10
720.92	208.70
721.17	210.50
721.43	213.70
721.68	218.90
721.93	212.50
722.19	205.10
722.44	210.90
722.69	230.90
722.94	216.40
723.20	217.80
723.45	215.20
723.70	218.60
723.95	212.40
724.21	222.10
724.46	217.30
724.71	218.90
724.97	216.60
725.22	212.30
725.47	208.50
725.72	224.30
725.98	211.40
726.23	211.80
726.48	212.80
726.74	211.10
726.99	206.00
727.24	221.30
727.49	225.00
727.75	218.20
728.00	211.70
728.25	217.10
728.50	216.70
728.76	216.50
729.01	214.50
729.26	215.20
729.51	213.30
729.77	217.40
730.02	217.00
730.27	225.20
730.52	215.40
730.78	220.30
731.03	212.90
731.28	218.30
731.53	209.00
731.79	213.10
732.04	219.60
732.29	213.40
732.54	212.90
732.80	211.70
733.05	213.70
733.30	219.00
733.55	223.10
733.81	210.30
734.06	211.40
734.31	219.80
734.56	211.70
734.82	219.10
735.07	208.10
735.32	213.40
735.57	209.00
735.83	214.40
736.08	204.10
736.33	203.50
736.58	210.60
736.84	204.90
737.09	208.60
737.34	211.10
737.59	211.80
737.84	208.50
738.10	208.90
738.35	211.30
738.60	209.20
738.85	214.70
739.11	200.50
739.36	214.00
739.61	208.00
739.86	209.10
740.11	212.50
740.37	207.40
740.62	213.80
740.87	216.10
741.12	215.80
741.38	210.60
741.63	213.50
741.88	208.90
742.13	212.30
742.38	209.80
742.64	206.20
742.89	215.30
743.14	203.20
743.39	209.80
743.64	218.10
743.90	222.70
744.15	212.00
744.40	203.00
744.65	211.10
744.90	209.10
745.16	206.80
745.41	208.60
745.66	217.30
745.91	215.10
746.16	223.10
746.42	210.90
746.67	214.00
746.92	210.10
747.17	210.10
747.42	219.00
747.68	216.40
747.93	213.60
748.18	229.30
748.43	222.80
748.68	219.80
748.94	210.60
749.19	209.80
749.44	212.80
749.69	217.50
749.94	225.50
750.19	219.60
750.45	215.10
750.70	225.40
750.95	214.30
751.20	215.40
751.45	212.50
751.71	220.40
751.96	232.20
752.21	221.70
752.46	225.00
752.71	218.90
752.96	213.80
753.22	222.20
753.47	223.30
753.72	227.40
753.97	230.10
754.22	234.80
754.47	228.90
754.73	222.60
754.98	226.40
755.23	234.00
755.48	227.00
755.73	221.50
755.98	220.90
756.24	220.30
756.49	220.70
756.74	224.00
756.99	221.10
757.24	230.30
757.49	230.80
757.74	235.20
758.00	236.70
758.25	222.50
758.50	229.10
758.75	231.30
759.00	227.20
759.25	230.30
759.51	224.10
759.76	233.70
760.01	235.50
760.26	240.90
760.51	235.30
760.76	235.50
761.01	237.20
761.27	237.70
761.52	242.30
761.77	249.60
762.02	243.20
762.27	235.70
762.52	245.40
762.77	248.60
763.02	257.60
763.28	249.70
763.53	249.20
763.78	251.20
764.03	246.50
764.28	240.40
764.53	240.80
764.78	250.10
765.03	249.80
765.29	247.30
765.54	255.00
765.79	261.80
766.04	257.50
766.29	247.50
766.54	249.50
766.79	262.60
767.04	260.40
767.30	264.70
767.55	261.90
767.80	249.90
768.05	251.00
768.30	260.20
768.55	270.30
768.80	267.50
769.05	261.50
769.30	271.40
769.56	266.40
769.81	266.50
770.06	277.30
770.31	272.20
770.56	275.30
770.81	273.90
771.06	278.50
771.31	289.20
771.56	285.10
771.82	274.90
772.07	283.70
772.32	284.00
772.57	291.50
772.82	282.20
773.07	289.50
773.32	290.30
773.57	291.70
773.82	294.50
774.07	298.20
774.32	296.30
774.58	292.30
774.83	291.80
775.08	287.70
775.33	297.10
775.58	295.50
775.83	303.70
776.08	310.40
776.33	304.90
776.58	307.80
776.83	304.90
777.08	305.70
777.33	305.10
777.59	304.10
777.84	304.30
778.09	297.30
778.34	313.50
778.59	309.40
778.84	312.80
779.09	316.50
779.34	310.30
779.59	314.10
779.84	317.70
780.09	326.00
780.34	319.00
780.59	324.30
780.84	324.20
781.10	326.80
781.35	323.80
781.60	322.60
781.85	322.30
782.10	324.70
782.35	330.60
782.60	326.90
782.85	331.50
783.10	334.60
783.35	325.20
783.60	327.50
783.85	335.30
784.10	337.30
784.35	337.80
784.60	344.90
784.85	347.40
785.10	337.90
785.35	336.00
785.61	335.20
785.86	345.00
786.11	344.40
786.36	346.20
786.61	348.20
786.86	350.90
787.11	345.00
787.36	341.80
787.61	346.50
787.86	342.80
788.11	351.30
788.36	351.40
788.61	343.80
788.86	355.40
789.11	352.00
789.36	352.80
789.61	350.70
789.86	351.50
790.11	359.70
790.36	359.70
790.61	357.80
790.86	354.80
791.11	352.30
791.36	349.50
791.61	353.60
791.86	359.00
792.11	354.60
792.36	357.40
792.61	358.50
792.86	369.50
793.11	363.90
793.36	355.30
793.61	360.20
793.87	356.20
794.12	364.80
794.37	359.00
794.62	360.70
794.87	358.20
795.12	358.60
795.37	367.50
795.62	356.10
795.87	357.50
796.12	354.70
796.37	363.90
796.62	363.50
796.87	363.50
797.12	365.00
797.37	366.20
797.62	352.40
797.87	351.00
798.12	358.10
798.37	374.40
798.62	376.90
798.87	366.10
799.12	356.40
799.37	356.30
799.62	364.10
799.87	363.10
800.12	358.80
800.37	355.80
800.62	352.20
800.87	354.40
801.12	347.70
801.37	359.00
801.61	355.70
801.86	353.10
802.11	356.90
802.36	348.00
802.61	349.60
802.86	357.40
803.11	356.50
803.36	348.10
803.61	354.60
803.86	353.50
804.11	362.00
804.36	354.60
804.61	350.90
804.86	346.40
805.11	353.80
805.36	347.00
805.61	347.80
805.86	351.70
806.11	355.20
806.36	349.40
806.61	339.50
806.86	346.00
807.11	353.60
807.36	339.20
807.61	335.80
807.86	339.50
808.11	355.60
808.36	347.10
808.61	343.20
808.86	354.40
809.11	346.80
809.36	337.90
809.60	338.40
809.85	343.50
810.10	339.70
810.35	341.00
810.60	342.40
810.85	348.40
811.10	344.90
811.35	348.60
811.60	341.40
811.85	344.60
812.10	337.10
812.35	339.00
812.60	337.70
812.85	339.10
813.10	339.60
813.35	335.50
813.60	342.90
813.85	344.60
814.09	335.40
814.34	338.10
814.59	348.80
814.84	341.20
815.09	341.30
815.34	328.10
815.59	330.20
815.84	336.30
816.09	327.60
816.34	333.90
816.59	329.30
816.84	331.10
817.09	329.50
817.34	338.80
817.58	331.70
817.83	337.10
818.08	335.20
818.33	327.60
818.58	326.00
818.83	331.00
819.08	332.20
819.33	332.60
819.58	335.90
819.83	335.10
820.08	327.70
820.33	324.00
820.57	323.70
820.82	341.20
821.07	340.30
821.32	327.60
821.57	328.70
821.82	333.00
822.07	331.80
822.32	319.60
822.57	332.00
822.82	339.60
823.07	337.60
823.31	337.10
823.56	325.30
823.81	322.60
824.06	328.10
824.31	343.30
824.56	332.40
824.81	331.20
825.06	332.60
825.31	325.80
825.55	328.70
825.80	331.60
826.05	332.80
826.30	327.30
826.55	333.10
826.80	329.60
827.05	332.10
827.30	332.60
827.55	330.60
827.79	340.70
828.04	342.10
828.29	332.40
828.54	340.00
828.79	335.70
829.04	331.90
829.29	330.80
829.54	337.50
829.78	341.30
830.03	344.70
830.28	345.00
830.53	335.80
830.78	339.20
831.03	335.50
831.28	337.70
831.53	339.30
831.77	334.40
832.02	333.30
832.27	340.80
832.52	344.70
832.77	341.70
833.02	341.80
833.27	348.80
833.51	338.20
833.76	342.50
834.01	347.90
834.26	339.40
834.51	337.50
834.76	335.70
835.01	342.40
835.25	344.80
835.50	348.70
835.75	354.00
836.00	357.90
836.25	352.50
836.50	355.90
836.75	350.20
836.99	345.80
837.24	350.80
837.49	345.40
837.74	343.30
837.99	352.00
838.24	361.60
838.48	353.80
838.73	356.60
838.98	352.20
839.23	359.10
839.48	357.00
839.73	359.20
839.97	365.30
840.22	363.40
840.47	362.10
840.72	369.60
840.97	361.10
841.22	366.90
841.46	365.30
841.71	363.70
841.96	357.40
842.21	358.90
842.46	370.50
842.71	371.70
842.95	358.30
843.20	375.00
843.45	369.80
843.70	374.60
843.95	382.40
844.20	384.40
844.44	367.50
844.69	379.00
844.94	380.20
845.19	373.80
845.44	368.60
845.68	370.90
845.93	366.60
846.18	366.40
846.43	369.90
846.68	378.40
846.92	384.70
847.17	399.60
847.42	389.70
847.67	386.60
847.92	387.10
848.16	387.60
848.41	386.80
848.66	384.40
848.91	386.10
849.16	398.00
849.40	400.30
849.65	387.90
849.90	388.60
850.15	398.20
850.40	399.70
850.64	399.40
850.89	398.40
851.14	391.00
851.39	388.30
851.64	399.00
851.88	396.70
852.13	393.70
852.38	406.50
852.63	400.90
852.87	401.00
853.12	419.20
853.37	414.40
853.62	420.60
853.87	418.00
854.11	411.10
854.36	420.20
854.61	406.70
854.86	411.00
855.10	411.60
855.35	412.20
855.60	412.80
855.85	414.50
856.10	416.40
856.34	420.10
856.59	420.10
856.84	420.50
857.09	416.10
857.33	416.20
857.58	431.40
857.83	427.60
858.08	428.90
858.32	416.00
858.57	416.80
858.82	428.40
859.07	432.70
859.31	427.20
859.56	431.00
859.81	435.90
860.06	426.50
860.30	425.40
860.55	429.90
860.80	424.50
861.05	432.10
861.29	440.70
861.54	440.10
861.79	441.10
862.04	438.60
862.28	432.20
862.53	435.10
862.78	443.70
863.03	444.80
863.27	444.90
863.52	446.60
863.77	441.10
864.02	444.80
864.26	444.40
864.51	439.40
864.76	456.90
865.01	454.80
865.25	450.30
865.50	450.10
865.75	439.20
866.00	447.00
866.24	451.20
866.49	449.10
866.74	454.20
866.98	450.10
867.23	461.90
867.48	460.50
867.73	461.60
867.97	454.50
868.22	460.20
868.47	448.00
868.71	444.70
868.96	452.90
869.21	457.40
869.46	453.90
869.70	451.40
869.95	452.00
870.20	452.70
870.44	458.80
870.69	460.80
870.94	451.80
871.19	452.20
871.43	454.90
871.68	459.10
871.93	464.60
872.17	464.10
872.42	456.40
872.67	462.60
872.92	454.70
873.16	455.10
873.41	459.00
873.66	447.60
873.90	449.00
874.15	455.80
874.40	459.60
874.64	461.70
874.89	455.40
875.14	452.00
875.39	453.20
875.63	443.50
875.88	460.60
876.13	453.50
876.37	451.10
876.62	448.90
876.87	461.20
877.11	461.20
877.36	460.00
877.61	455.70
877.85	449.00
878.10	447.00
878.35	460.80
878.59	450.70
878.84	455.00
879.09	449.80
879.33	461.10
879.58	438.60
879.83	447.00
880.07	449.30
880.32	449.80
880.57	455.80
880.81	451.60
881.06	448.90
881.31	447.80
881.55	439.10
881.80	443.50
882.05	453.80
882.29	454.40
882.54	445.30
882.79	446.70
883.03	448.20
883.28	452.30
883.53	449.70
883.77	447.40
884.02	434.70
884.27	440.00
884.51	441.70
884.76	439.90
885.01	436.20
885.25	444.90
885.50	449.70
885.75	440.80
885.99	434.20
886.24	436.90
886.49	441.00
886.73	437.10
886.98	428.10
887.23	441.30
887.47	442.60
887.72	436.70
887.96	434.00
888.21	436.80
888.46	429.50
888.70	424.80
888.95	426.50
889.20	425.70
889.44	419.00
889.69	428.70
889.94	433.00
890.18	423.20
890.43	429.50
890.67	428.80
890.92	419.20
891.17	416.60
891.41	420.80
891.66	421.80
891.91	420.60
892.15	425.10
892.40	426.60
892.64	426.40
892.89	420.50
893.14	419.20
893.38	401.30
893.63	411.00
893.88	420.20
894.12	411.80
894.37	411.30
894.61	403.60
894.86	409.40
895.11	409.00
895.35	404.90
895.60	415.20
895.84	426.70
896.09	413.90
896.34	407.00
896.58	404.20
896.83	399.50
897.07	400.20
897.32	405.90
897.57	399.80
897.81	400.40
898.06	406.80
898.30	405.90
898.55	412.50
898.80	405.80
899.04	399.20
899.29	391.90
899.53	395.60
899.78	397.50
900.03	391.30
900.27	384.90
900.52	392.10
900.76	389.60
901.01	396.00
901.26	397.10
901.50	399.10
901.75	389.30
901.99	383.00
902.24	388.80
902.48	384.60
902.73	381.30
902.98	388.80
903.22	382.20
903.47	382.20
903.71	379.00
903.96	387.60
904.21	393.80
904.45	384.70
904.70	374.70
904.94	379.80
905.19	381.60
905.43	379.40
905.68	383.70
905.93	386.00
906.17	378.20
906.42	381.50
906.66	379.40
906.91	374.60
907.15	370.90
907.40	371.40
907.64	382.50
907.89	373.10
908.14	364.80
908.38	378.70
908.63	369.50
908.87	361.10
909.12	361.60
909.36	361.80
909.61	366.80
909.85	367.90
910.10	368.90
910.35	361.20
910.59	361.10
910.84	365.60
911.08	367.30
911.33	362.50
911.57	368.60
911.82	373.50
912.06	364.50
912.31	366.80
912.55	367.60
912.80	363.00
913.05	363.60
913.29	356.40
913.54	362.20
913.78	353.80
914.03	355.80
914.27	356.20
914.52	366.70
914.76	353.30
915.01	349.00
915.25	346.60
915.50	353.60
915.74	354.30
915.99	351.50
916.23	347.80
916.48	357.70
916.72	353.70
916.97	347.90
917.22	348.50
917.46	352.30
917.71	345.40
917.95	347.70
918.20	350.40
918.44	341.00
918.69	344.00
918.93	353.70
919.18	351.50
919.42	344.70
919.67	343.00
919.91	343.00
920.16	344.00
920.40	338.90
920.65	349.30
920.89	349.70
921.14	343.90
921.38	341.60
921.63	342.30
921.87	351.80
922.12	344.70
922.36	340.10
922.61	338.10
922.85	335.60
923.10	353.10
923.34	341.90
923.59	332.70
923.83	336.90
924.08	338.80
924.32	331.10
924.57	325.70
924.81	329.00
925.06	345.80
925.30	345.80
925.55	350.40
925.79	346.70
926.04	347.20
926.28	331.10
926.53	327.10
926.77	336.60
927.01	333.90
927.26	337.60
927.50	334.00
927.75	343.60
927.99	347.90
928.24	338.90
928.48	339.40
928.73	328.20
928.97	330.30
929.22	335.20
929.46	340.00
929.71	336.20
929.95	337.70
930.20	341.10
930.44	339.90
930.69	341.90
930.93	332.50
931.17	337.00
931.42	342.70
931.66	333.40
931.91	329.30
932.15	332.00
932.40	326.70
932.64	332.40
932.89	332.10
933.13	331.90
933.38	326.40
933.62	329.90
933.86	331.40
934.11	321.00
934.35	322.60
934.60	319.70
934.84	323.30
935.09	317.90
935.33	312.30
935.58	306.30
935.82	313.20
936.06	312.50
936.31	310.30
936.55	310.10
936.80	305.40
937.04	299.50
937.29	303.40
937.53	318.20
937.78	304.60
938.02	306.70
938.26	307.50
938.51	307.70
938.75	298.50
939.00	294.60
939.24	302.00
939.49	300.60
939.73	299.80
939.97	283.70
940.22	284.70
940.46	289.90
940.71	281.10
940.95	288.40
941.20	289.40
941.44	281.10
941.68	290.40
941.93	284.30
942.17	290.20
942.42	296.50
942.66	297.60
942.90	291.50
943.15	290.60
943.39	292.50
943.64	293.10
943.88	298.60
944.12	295.30
944.37	297.30
944.61	293.70
944.86	292.60
945.10	295.80
945.35	292.40
945.59	295.40
945.83	294.60
946.08	295.70
946.32	303.50
946.57	290.90
946.81	287.70
947.05	300.80
947.30	295.70
947.54	301.20
947.78	299.90
948.03	304.40
948.27	298.80
948.52	292.00
948.76	298.00
949.00	313.60
949.25	308.90
949.49	313.00
949.74	303.40
949.98	307.90
950.22	305.10
950.47	301.00
950.71	296.30
950.95	294.00
951.20	317.40
951.44	302.00
951.69	297.20
951.93	305.70
952.17	315.50
952.42	316.00
952.66	312.50
952.90	311.20
953.15	296.90
953.39	304.50
953.64	308.20
953.88	310.80
954.12	313.40
954.37	314.70
954.61	315.90
954.85	316.00
955.10	316.90
955.34	318.00
955.58	314.50
955.83	309.70
956.07	315.60
956.32	310.40
956.56	311.40
956.80	316.10
957.05	321.30
957.29	321.10
957.53	316.30
957.78	311.80
958.02	314.00
958.26	311.60
958.51	313.00
958.75	317.10
958.99	305.50
959.24	313.20
959.48	319.80
959.72	318.50
959.97	317.70
960.21	314.10
960.45	310.70
960.70	313.60
960.94	304.60
961.18	313.80
961.43	318.80
961.67	324.60
961.91	318.80
962.16	316.50
962.40	320.70
962.64	323.90
962.89	324.90
963.13	314.40
963.37	316.00
963.62	307.00
963.86	312.10
964.10	320.80
964.35	314.10
964.59	311.90
964.83	303.80
965.08	312.00
965.32	313.40
965.56	306.20
965.81	316.70
966.05	299.80
966.29	306.00
966.54	312.30
966.78	316.20
967.02	311.60
967.27	308.40
967.51	306.30
967.75	318.20
967.99	302.90
968.24	309.80
968.48	306.40
968.72	304.30
968.97	308.10
969.21	308.30
969.45	293.20
969.70	295.10
969.94	294.90
970.18	301.00
970.42	302.90
970.67	302.70
970.91	303.90
971.15	307.60
971.40	304.10
971.64	303.70
971.88	297.30
972.12	294.40
972.37	295.80
972.61	300.50
972.85	290.30
973.10	292.20
973.34	293.10
973.58	292.80
973.82	290.30
974.07	289.80
974.31	294.80
974.55	293.80
974.80	288.80
975.04	285.20
975.28	277.50
975.52	293.20
975.77	277.50
976.01	281.90
976.25	286.90
976.50	292.20
976.74	271.50
976.98	268.80
977.22	276.30
977.47	276.10
977.71	275.80
977.95	281.30
978.19	276.70
978.44	274.00
978.68	277.60
978.92	273.80
979.16	269.30
979.41	271.10
979.65	271.70
979.89	266.30
980.13	268.00
980.38	259.10
980.62	259.90
980.86	260.00
981.10	270.20
981.35	256.60
981.59	263.20
981.83	273.90
982.07	259.30
982.32	256.70
982.56	259.60
982.80	255.50
983.04	251.90
983.29	264.90
983.53	265.10
983.77	258.70
984.01	261.40
984.26	253.40
984.50	252.60
984.74	250.30
984.98	245.10
985.23	247.10
985.47	241.80
985.71	240.80
985.95	241.80
986.19	250.00
986.44	243.00
986.68	239.50
986.92	248.40
987.16	239.30
987.41	234.30
987.65	244.50
987.89	240.10
988.13	232.90
988.37	235.10
988.62	234.00
988.86	232.70
989.10	221.00
989.34	217.10
989.59	234.00
989.83	231.90
990.07	241.20
990.31	242.10
990.55	237.10
990.80	221.00
991.04	215.10
991.28	215.80
991.52	213.50
991.76	217.20
992.01	218.70
992.25	220.60
992.49	223.60
992.73	215.10
992.97	224.30
993.22	210.60
993.46	211.80
993.70	220.20
993.94	214.20
994.18	205.40
994.43	210.00
994.67	201.60
994.91	205.10
995.15	207.30
995.39	199.90
995.64	198.00
995.88	203.30
996.12	206.20
996.36	203.90
996.60	204.30
996.84	196.70
997.09	193.90
997.33	205.90
997.57	207.70
997.81	192.50
998.05	196.80
998.30	198.80
998.54	195.10
998.78	189.60
999.02	184.90
999.26	186.90
999.50	182.90
999.75	183.20
999.99	180.80
1000.23	186.40
1000.47	182.20
1000.71	180.80
1000.95	182.60
1001.20	182.00
1001.44	185.60
1001.68	182.00
1001.92	172.40
1002.16	166.60
1002.40	173.50
1002.65	174.80
1002.89	173.50
1003.13	182.20
1003.37	179.30
1003.61	177.60
1003.85	177.90
1004.09	179.90
1004.34	174.40
1004.58	170.90
1004.82	161.10
1005.06	158.70
1005.30	157.40
1005.54	159.40
1005.78	154.40
1006.03	161.50
1006.27	155.90
1006.51	159.40
1006.75	151.50
1006.99	155.90
1007.23	148.70
1007.47	151.80
1007.72	155.20
1007.96	148.00
1008.20	149.00
1008.44	144.80
1008.68	149.20
1008.92	151.80
1009.16	148.60
1009.40	154.00
1009.65	146.60
1009.89	146.70
1010.13	149.30
1010.37	139.70
1010.61	151.00
1010.85	147.70
1011.09	142.60
1011.33	141.10
1011.58	144.30
1011.82	142.70
1012.06	142.80
1012.30	144.00
1012.54	139.80
1012.78	143.70
1013.02	145.30
1013.26	145.80
1013.50	137.60
1013.75	139.40
1013.99	136.20
1014.23	142.00
1014.47	134.80
1014.71	126.60
1014.95	128.10
1015.19	127.60
1015.43	133.00
1015.67	137.40
1015.92	138.50
1016.16	140.50
1016.40	124.20
1016.64	128.00
1016.88	134.00
1017.12	128.50
1017.36	136.80
1017.60	131.40
1017.84	130.60
1018.08	119.60
1018.32	122.60
1018.57	135.30
1018.81	126.40
1019.05	126.70
1019.29	129.60
1019.53	124.30
1019.77	123.10
1020.01	125.80
1020.25	117.50
1020.49	126.00
1020.73	119.20
1020.97	119.10
1021.21	125.70
1021.45	129.20
1021.70	121.90
1021.94	119.50
1022.18	128.40
1022.42	122.90
1022.66	108.30
1022.90	128.30
1023.14	121.40
1023.38	122.00
1023.62	110.10
1023.86	119.70
1024.10	113.60
1024.34	114.60
1024.58	106.90
1024.82	107.30
1025.06	115.90
1025.31	114.80
1025.55	114.70
1025.79	109.00
1026.03	114.00
1026.27	115.00
1026.51	110.30
1026.75	106.20
1026.99	109.50
1027.23	117.80
1027.47	110.50
1027.71	108.70
1027.95	101.60
1028.19	108.50
1028.43	107.10
1028.67	106.50
1028.91	105.30
1029.15	106.40
1029.39	102.00
1029.63	108.00
1029.87	109.80
1030.11	109.70
1030.36	109.90
1030.60	106.40
1030.84	107.40
1031.08	101.50
1031.32	97.80
1031.56	107.70
1031.80	111.10
1032.04	91.20
1032.28	86.90
1032.52	94.20
1032.76	97.00
1033.00	100.70
1033.24	95.10
1033.48	92.30
1033.72	92.10
1033.96	95.10
1034.20	95.20
1034.44	95.90
1034.68	88.40
1034.92	88.20
1035.16	90.20
1035.40	85.80
1035.64	83.60
1035.88	82.70
1036.12	87.30
1036.36	88.30
1036.60	84.50
1036.84	81.50
1037.08	78.60
1037.32	82.40
1037.56	87.50
1037.80	89.00
1038.04	81.70
1038.28	85.40
1038.52	81.40
1038.76	87.30
1039.00	91.80
1039.24	86.70
1039.48	80.90
1039.72	78.00
1039.96	81.70
1040.20	75.50
1040.44	80.00
1040.68	80.90
1040.92	78.70
1041.16	76.80
1041.40	83.50
1041.64	81.40
1041.88	77.20
1042.12	73.30
1042.36	67.80
1042.60	69.00
1042.84	73.80
1043.08	74.60
1043.32	71.70
1043.56	73.40
1043.80	76.40
1044.04	74.20
1044.28	70.10
1044.52	74.80
1044.76	72.70
1045.00	74.80
1045.24	66.80
1045.48	67.60
1045.72	62.10
1045.96	65.30
1046.19	63.80
1046.43	71.50
1046.67	71.50
1046.91	68.60
1047.15	62.00
1047.39	60.60
1047.63	64.00
1047.87	71.90
1048.11	67.80
1048.35	55.90
1048.59	64.70
1048.83	64.90
1049.07	63.20
1049.31	64.70
1049.55	66.50
1049.79	65.00
1050.03	64.60
1050.27	59.60
1050.51	62.50
1050.75	67.20
1050.99	54.60
1051.22	61.10
1051.46	66.80
1051.70	75.90
1051.94	62.70
1052.18	66.90
1052.42	69.10
1052.66	68.60
1052.90	58.50
1053.14	60.60
1053.38	62.90
1053.62	72.60
1053.86	62.90
1054.10	67.40
1054.34	66.40
1054.58	59.10
1054.81	54.50
1055.05	66.70
1055.29	54.40
1055.53	54.60
1055.77	57.20
1056.01	60.10
1056.25	58.60
1056.49	54.00
1056.73	58.10
1056.97	53.20
1057.21	51.60
1057.45	51.70
1057.69	46.50
1057.92	51.90
1058.16	57.40
1058.40	61.00
1058.64	57.40
1058.88	52.50
1059.12	56.40
1059.36	56.20
1059.60	57.60
1059.84	60.80
1060.08	54.10
1060.31	47.50
1060.55	55.40
1060.79	48.00
1061.03	53.10
1061.27	56.30
1061.51	46.70
1061.75	50.60
1061.99	41.80
1062.23	52.40
1062.47	45.90
1062.70	52.50
1062.94	57.20
1063.18	63.20
1063.42	55.00
1063.66	51.10
1063.90	46.80
1064.14	42.00
1064.38	45.50
1064.62	51.30
1064.85	44.90
1065.09	43.30
1065.33	45.70
1065.57	35.50
1065.81	44.60
1066.05	52.00
1066.29	59.70
1066.53	47.20
1066.76	48.10
1067.00	42.60
1067.24	42.80
1067.48	51.80
1067.72	47.90
1067.96	51.40
1068.20	45.50
1068.43	52.80
1068.67	41.50
1068.91	49.00
1069.15	46.50
1069.39	31.80
1069.63	31.30
1069.87	42.80
1070.11	48.60
1070.34	34.20
1070.58	33.70
1070.82	38.00
1071.06	40.20
1071.30	44.10
1071.54	40.90
1071.77	40.10
1072.01	47.00
1072.25	51.10
1072.49	42.20
1072.73	39.00
1072.97	42.30
1073.21	43.70
1073.44	39.50
1073.68	45.30
1073.92	49.00
1074.16	37.80
1074.40	29.90
1074.64	36.10
1074.87	39.10
1075.11	39.90
1075.35	42.60
1075.59	38.00
1075.83	41.40
1076.07	40.30
1076.30	43.40
1076.54	52.30
1076.78	35.40
1077.02	35.40
1077.26	39.20
1077.50	39.80
1077.73	27.20
1077.97	32.40
1078.21	28.90
1078.45	28.40
1078.69	38.10
1078.92	35.70
1079.16	34.90
1079.40	33.30
1079.64	39.60
1079.88	30.10
1080.12	28.50
1080.35	35.40
1080.59	30.10
1080.83	41.40
1081.07	40.60
1081.31	24.80
1081.54	15.10
1081.78	28.70
1082.02	32.60
1082.26	28.30
1082.50	30.20
1082.73	33.40
1082.97	34.50
1083.21	34.40
1083.45	36.30
1083.69	38.20
1083.92	38.70
1084.16	30.70
1084.40	32.50
1084.64	33.10
1084.88	29.40
1085.11	35.20
1085.35	35.70
1085.59	23.70
1085.83	25.10
1086.06	32.70
1086.30	36.60
1086.54	38.60
1086.78	37.90
1087.02	24.90
1087.25	30.40
1087.49	24.50
1087.73	24.60
1087.97	28.40
1088.20	24.60
1088.44	28.40
1088.68	31.30
1088.92	26.80
1089.16	24.90
1089.39	22.10
1089.63	28.70
1089.87	27.10
1090.11	24.40
1090.34	27.70
1090.58	24.50
1090.82	27.00
1091.06	15.40
1091.29	22.10
1091.53	21.40
1091.77	21.60
1092.01	21.90
1092.24	20.50
1092.48	15.90
1092.72	20.60
1092.96	24.70
1093.20	17.70
1093.43	15.50
1093.67	18.20
1093.91	19.40
1094.15	18.60
1094.38	27.20
1094.62	21.30
1094.86	28.20
1095.09	30.30
1095.33	26.30
1095.57	19.40
1095.81	22.40
1096.04	24.60
1096.28	19.10
1096.52	17.00
1096.76	24.70
1096.99	17.10
1097.23	20.70
1097.47	24.40
1097.71	12.20
1097.94	10.50
1098.18	11.20
1098.42	19.40
1098.65	18.30
1098.89	16.80
1099.13	13.10
1099.37	18.70
1099.60	10.80
1099.84	10.90
1100.08	13.70
1100.32	13.50
1100.55	22.00
1100.79	22.30
1101.03	9.90
1101.26	22.50
1101.50	20.20
1101.74	16.80
1101.98	17.00
1102.21	2.60
1102.45	11.20
1102.69	10.80
1102.92	4.60
1103.16	18.00
1103.40	12.00
1103.64	10.80
1103.87	11.80
1104.11	9.20
1104.35	10.90
1104.58	7.80
1104.82	11.80
1105.06	5.10
1105.29	3.10
1105.53	5.30
1105.77	9.30
1106.00	16.70
1106.24	7.90
1106.48	10.00
1106.72	12.20
1106.95	6.00
1107.19	9.90
1107.43	4.00
1107.66	9.40
1107.90	11.40
1108.14	11.60
1108.37	6.10
1108.61	7.60
1108.85	7.20
1109.08	15.40
1109.32	14.40
1109.56	15.10
1109.79	6.50
1110.03	6.40
1110.27	1.80
1110.50	-1.40
1110.74	1.80
1110.98	4.80
1111.21	6.50
1111.45	13.70
1111.69	8.20
1111.92	7.00
1112.16	9.30
1112.40	9.60
1112.63	7.30
1112.87	2.80
1113.11	12.20
1113.34	14.80
1113.58	6.40
1113.82	11.00
1114.05	5.50
1114.29	-4.00
1114.53	-4.90
1114.76	9.80
1115.00	11.20
1115.24	6.80
1115.47	8.00
1115.71	9.20
1115.95	1.60
1116.18	2.40
1116.42	5.30
1116.66	5.00
1116.89	5.50
1117.13	6.10
1117.36	7.00
1117.60	-1.20
1117.84	-0.90
1118.07	4.70
1118.31	5.40
1118.55	4.80
1118.78	2.50
1119.02	8.20
1119.26	0.20
1119.49	0.10
1119.73	-3.70
1119.96	4.20
1120.20	4.90
1120.44	-0.50
1120.67	0.40
1120.91	4.80
1121.15	6.40
1121.38	10.30
1121.62	1.20
