2066.5429	2.871506	0.092447
1999.8802	2.878280	0.107599
1937.3840	2.884047	0.123159
1878.6753	2.888819	0.139018
1823.4202	2.892616	0.155076
1771.3225	2.895461	0.171243
1722.1190	2.897382	0.187434
1675.5753	2.898412	0.203572
1631.4813	2.898583	0.219586
1589.6485	2.897935	0.235410
1549.9072	2.896507	0.250986
1512.1046	2.894341	0.266257
1476.1021	2.891483	0.281174
1441.7741	2.887977	0.295693
1409.0066	2.883873	0.309774
1377.6953	2.879220	0.323383
1347.7454	2.874068	0.336488
1319.0700	2.868467	0.349065
1291.5894	2.862468	0.361095
1265.2303	2.856124	0.372561
1239.9258	2.849485	0.383452
1215.6135	2.842601	0.393762
1192.2364	2.835521	0.403488
1169.7413	2.828294	0.412632
1148.0794	2.820965	0.421201
1127.2052	2.813579	0.429202
1107.0766	2.806179	0.436649
1087.6542	2.798806	0.443556
1068.9015	2.791496	0.449943
1050.7846	2.784286	0.455829
1033.2714	2.777208	0.461237
1016.3326	2.770293	0.466192
999.9401	2.763567	0.470720
984.0681	2.757055	0.474847
968.6920	2.750780	0.478602
953.7891	2.744759	0.482013
939.3377	2.739011	0.485109
925.3177	2.733549	0.487920
911.7101	2.728385	0.490475
898.4969	2.723528	0.492802
885.6613	2.718985	0.494931
873.1872	2.714762	0.496888
861.0595	2.710862	0.498703
849.2642	2.707286	0.500401
837.7877	2.704034	0.502007
826.6172	2.701105	0.503548
815.7406	2.698495	0.505047
805.1466	2.696200	0.506526
794.8242	2.694216	0.508008
784.7631	2.692534	0.509513
774.9536	2.691149	0.511061
765.3863	2.690052	0.512672
756.0523	2.689235	0.514361
746.9432	2.688688	0.516146
738.0511	2.688401	0.518044
729.3681	2.688365	0.520067
720.8871	2.688569	0.522231
712.6010	2.689002	0.524547
704.5033	2.689653	0.527029
696.5875	2.690511	0.529687
688.8477	2.691565	0.532532
681.2779	2.692802	0.535573
673.8727	2.694213	0.538819
666.6267	2.695785	0.542279
659.5350	2.697506	0.545961
652.5925	2.699366	0.549872
645.7947	2.701353	0.554018
639.1370	2.703455	0.558405
632.6152	2.705660	0.563040
626.2251	2.707959	0.567927
619.9629	2.710339	0.573071
613.8246	2.712789	0.578478
607.8068	2.715298	0.584149
601.9057	2.717855	0.590091
596.1182	2.720449	0.596306
590.4409	2.723069	0.602796
584.8707	2.725705	0.609566
579.4045	2.728346	0.616618
574.0397	2.730980	0.623954
568.7733	2.733599	0.631576
563.6026	2.736190	0.639487
558.5251	2.738744	0.647689
553.5383	2.741251	0.656183
548.6397	2.743701	0.664972
543.8271	2.746083	0.674057
539.0982	2.748388	0.683440
534.4508	2.750605	0.693124
529.8828	2.752726	0.703110
525.3923	2.754741	0.713401
520.9772	2.756639	0.724001
516.6357	2.758413	0.734912
512.3660	2.760051	0.746139
508.1663	2.761546	0.757687
504.0349	2.762887	0.769562
499.9701	2.764063	0.781773
495.9703	2.765065	0.794329
492.0340	2.765880	0.807242
488.1598	2.766494	0.820525
484.3460	2.766892	0.834197
480.5914	2.767055	0.848277
476.8945	2.766958	0.862791
473.2541	2.766571	0.877766
469.6688	2.765855	0.893234
466.1375	2.764760	0.909229
462.6589	2.763218	0.925786
459.2318	2.761144	0.942939
455.8551	2.758430	0.960712
452.5276	2.754942	0.979111
449.2485	2.750518	0.998114
446.0165	2.744977	1.017657
442.8306	2.738125	1.037614
439.6900	2.729785	1.057785
436.5936	2.719820	1.077895
433.5405	2.708181	1.097603
430.5298	2.694932	1.116539
427.5606	2.680271	1.134353
424.6321	2.664508	1.150781
421.7434	2.648027	1.165685
418.8938	2.631217	1.179068
416.0825	2.614416	1.191061
413.3086	2.597868	1.201876
410.5714	2.581718	1.211757
407.8703	2.566013	1.220944
405.2045	2.550736	1.229641
402.5733	2.535821	1.238004
399.9761	2.521182	1.246144
397.4121	2.506729	1.254130
394.8808	2.492373	1.261998
392.3816	2.478039	1.269759
389.9138	2.463663	1.277405
387.4768	2.449193	1.284920
385.0701	2.434593	1.292277
382.6931	2.419833	1.299447
380.3453	2.404897	1.306401
378.0262	2.389774	1.313108
375.7351	2.374461	1.319537
373.4716	2.358961	1.325662
371.2353	2.343281	1.331456
369.0255	2.327430	1.336896
366.8419	2.311422	1.341961
364.6840	2.295274	1.346631
362.5514	2.279003	1.350891
360.4435	2.262629	1.354725
358.3600	2.246172	1.358123
356.3005	2.229654	1.361074
354.2645	2.213097	1.363572
352.2516	2.196523	1.365609
350.2615	2.179955	1.367183
348.2938	2.163417	1.368292
346.3480	2.146930	1.368935
344.4238	2.130518	1.369114
342.5209	2.114202	1.368832
340.6389	2.098005	1.368094
338.7775	2.081949	1.366906
336.9363	2.066053	1.365274
335.1151	2.050339	1.363208
333.3134	2.034825	1.360716
331.5310	2.019530	1.357810
329.7675	2.004473	1.354502
328.0227	1.989671	1.350803
326.2963	1.975140	1.346727
324.5879	1.960895	1.342289
322.8973	1.946951	1.337503
321.2243	1.933322	1.332385
319.5685	1.920020	1.326951
317.9297	1.907057	1.321217
316.3076	1.894443	1.315202
314.7020	1.882189	1.308921
313.1126	1.870304	1.302394
311.5391	1.858794	1.295637
309.9814	1.847668	1.288670
308.4392	1.836931	1.281511
306.9123	1.826588	1.274178
305.4004	1.816643	1.266691
303.9034	1.807099	1.259067
302.4209	1.797958	1.251327
300.9529	1.789222	1.243487
299.4990	1.780891	1.235568
298.0591	1.772964	1.227586
296.6330	1.765440	1.219562
295.2204	1.758316	1.211511
293.8213	1.751589	1.203453
292.4353	1.745256	1.195405
291.0624	1.739312	1.187383
289.7023	1.733750	1.179405
288.3548	1.728566	1.171486
287.0198	1.723751	1.163643
285.6972	1.719298	1.155890
284.3866	1.715199	1.148243
283.0881	1.711445	1.140715
281.8013	1.708026	1.133320
280.5262	1.704931	1.126072
279.2626	1.702152	1.118982
278.0103	1.699675	1.112063
276.7691	1.697491	1.105325
275.5391	1.695587	1.098779
274.3199	1.693950	1.092434
273.1114	1.692568	1.086300
271.9135	1.691429	1.080384
270.7262	1.690520	1.074694
269.5491	1.689826	1.069237
268.3822	1.689336	1.064020
267.2254	1.689035	1.059046
266.0785	1.688911	1.054322
264.9414	1.688949	1.049851
263.8140	1.689136	1.045637
262.6961	1.689460	1.041681
261.5877	1.689906	1.037987
260.4886	1.690462	1.034555
259.3987	1.691115	1.031387
258.3179	1.691851	1.028483

